1.8243860006332397
1.9224499464035034
2.1669626235961914
2.3707566261291504
1.7405977249145508
1.9720304012298584
1.6357553005218506
1.8559904098510742
1.8805835247039795
1.6978025436401367
2.1983137130737305
2.3621160984039307
1.9092971086502075
1.5356348752975464
107.93765258789062
20.06744956970215
11.77706527709961
5.182716369628906
1.3826205730438232
1.7137936353683472
2.0560288429260254
1.48590087890625
1.4896348714828491
1.8074209690093994
2.683504104614258
1.7802908420562744
0.8681676387786865
0.7860054969787598
1.2625036239624023
1.1176798343658447
1.0965170860290527
1.2064807415008545
0.9557034373283386
0.9743295907974243
77.3367691040039
2.6394107341766357
1.6466625928878784
1.7817542552947998
1.350186824798584
1.3936291933059692
1.510797142982483
1.3517965078353882
1.3740876913070679
1.3688464164733887
1.1744400262832642
1.017660140991211
0.9651583433151245
1.0145487785339355
0.6592198610305786
0.9747258424758911
0.9196125268936157
0.8685218691825867
1.11490797996521
0.9367893934249878
1.2465033531188965
0.9600659012794495
1.042318344116211
0.7479683756828308
0.9060465693473816
0.8908910155296326
0.794752299785614
0.7458754181861877
0.8212834000587463
1.1858539581298828
1.4153813123703003
1.0076984167099
0.8047094345092773
0.789040744304657
1.048167109489441
0.7419975399971008
1.3218657970428467
1.1619644165039062
1.0110533237457275
0.7089747786521912
0.7445842027664185
0.5996392965316772
1.2685022354125977
0.9438822269439697
0.6510246396064758
0.711444616317749
0.8878277540206909
0.8312692642211914
0.6550053358078003
0.6621007919311523
1.1079286336898804
0.8384997844696045
0.5414137840270996
0.6473196744918823
0.49963849782943726
0.9074066281318665
0.841742992401123
0.5506780743598938
0.4426470398902893
0.9088695049285889
0.8668854236602783
1.0200283527374268
0.8753623366355896
0.7999763488769531
0.4598005414009094
0.48613476753234863
1.0721055269241333
0.7462304830551147
0.6392331123352051
1.019252061843872
0.731184184551239
0.7498425841331482
1.1087865829467773
0.4517667293548584
0.47193849086761475
0.8272124528884888
1.4083542823791504
0.6488586664199829
0.9821214079856873
0.5554795861244202
0.4085804522037506
2.4228503704071045
1.0790650844573975
0.8258167505264282
0.6823967099189758
1.319334626197815
1.1024020910263062
0.9484974145889282
1.1751171350479126
0.8967278003692627
39.847957611083984
1.3988409042358398
0.8622371554374695
1.2272682189941406
0.7505592703819275
0.8452884554862976
0.7620729207992554
0.8282647132873535
0.8086457252502441
0.5928815603256226
1.0869203805923462
0.8044261932373047
0.7346049547195435
0.9651416540145874
0.7392820715904236
1.5559871196746826
1.0747134685516357
0.8992294073104858
0.7125263214111328
1.2907394170761108
0.6376743316650391
1.0246244668960571
0.845090389251709
0.9171748161315918
1.3799830675125122
1.493363618850708
1.0535552501678467
0.868781566619873
0.4991830587387085
0.7492291331291199
0.6355360746383667
0.730282187461853
1.1676069498062134
0.34014973044395447
8.623101234436035
0.8253027200698853
1.1912286281585693
1.0298211574554443
1.1153435707092285
0.7366955876350403
0.8043181896209717
0.3478602170944214
0.8970903754234314
0.7200743556022644
0.5740864276885986
1.75784432888031
1.1027687788009644
0.9120146036148071
0.5989960432052612
0.9498003721237183
1.335325837135315
0.8534688949584961
2.826758861541748
1.521314024925232
1.2779033184051514
2.4419052600860596
1.5074396133422852
2.1935083866119385
1.5568486452102661
1.8432799577713013
1.3831385374069214
1.2840062379837036
1.123103141784668
0.8667950630187988
0.9341214299201965
1.644016981124878
1.3306059837341309
1.115625023841858
1.2519205808639526
1.2719842195510864
1.2846355438232422
0.9712309837341309
1.489670991897583
1.2417064905166626
0.9152867197990417
1.6232821941375732
0.7784151434898376
1.8252776861190796
1.0676169395446777
0.9729672074317932
1.3466020822525024
1.1507024765014648
0.9993529915809631
0.9424001574516296
0.9472596645355225
0.8318228721618652
0.9950969219207764
1.0654034614562988
0.7299191355705261
0.8464925289154053
1.7332053184509277
0.9851721525192261
1.1489715576171875
1.0218919515609741
0.848608672618866
0.9230560064315796
1.074805498123169
1.5948200225830078
1.3665398359298706
1.2522637844085693
1.4379823207855225
