2.268599510192871
2.0963425636291504
1.9594610929489136
1.9541212320327759
2.1104586124420166
2.0002059936523438
1.990765929222107
2.2600998878479004
2.23696231842041
2.261211395263672
2.135136365890503
2.1656062602996826
2.264070749282837
2.0583384037017822
2.104846954345703
2.148954153060913
2.077263832092285
2.0933170318603516
2.058525800704956
2.2264509201049805
2.045039653778076
2.118776321411133
2.011570692062378
2.0455567836761475
2.13293719291687
2.089536428451538
2.1869053840637207
2.2500851154327393
2.204014778137207
2.081943988800049
2.181299924850464
2.1007299423217773
2.165151834487915
2.201963186264038
2.120858669281006
2.202018976211548
2.1788599491119385
2.079936981201172
2.159054756164551
2.155149221420288
2.201045036315918
1.9818220138549805
2.2661261558532715
2.145838499069214
2.1458005905151367
1.9849830865859985
2.0400102138519287
1.8941816091537476
1.7737796306610107
1.875118374824524
1.764906406402588
1.8032232522964478
1.994914174079895
1.9852758646011353
1.9623594284057617
2.042794942855835
1.9619641304016113
1.9838765859603882
2.0170891284942627
1.799558401107788
1.9150348901748657
1.856148362159729
1.9035041332244873
1.953139305114746
1.8645622730255127
1.8362191915512085
1.8106051683425903
1.8988511562347412
2.032733917236328
1.8314357995986938
1.8044902086257935
2.1472647190093994
1.8507484197616577
1.9249131679534912
1.9674909114837646
1.9076409339904785
2.121861696243286
1.9797850847244263
1.8319361209869385
1.8759596347808838
1.9492250680923462
1.7671674489974976
1.8408242464065552
1.9501889944076538
1.8362568616867065
1.783168077468872
1.9281282424926758
1.8933783769607544
1.8279998302459717
1.944801926612854
1.9040048122406006
1.7600998878479004
1.6865379810333252
1.7337037324905396
1.725959300994873
1.7828900814056396
1.8498663902282715
1.9153368473052979
1.9343334436416626
1.8773193359375
1.9877064228057861
2.0094077587127686
1.965090274810791
1.860739827156067
1.8711732625961304
2.023128032684326
1.852102279663086
1.9549099206924438
1.9680094718933105
1.9541908502578735
1.745726227760315
2.8297231197357178
1.8580058813095093
1.7898705005645752
1.7487155199050903
1.7477302551269531
1.8316842317581177
1.8839364051818848
2.0038564205169678
1.8578890562057495
1.9934055805206299
1.8524926900863647
1.9847731590270996
2.001559257507324
1.9459328651428223
2.016599416732788
1.9419612884521484
1.9872933626174927
1.956027626991272
1.9019521474838257
1.9521583318710327
1.9931042194366455
1.8943589925765991
1.9316049814224243
1.904862880706787
1.7432091236114502
1.6299262046813965
1.709553599357605
1.7823398113250732
1.7670865058898926
1.824172854423523
1.9271043539047241
1.8300931453704834
1.7394407987594604
2.110766649246216
1.8434942960739136
1.6457136869430542
1.6211477518081665
1.7620314359664917
1.767598032951355
1.7665953636169434
1.66596257686615
1.8810819387435913
1.898991346359253
2.089812755584717
1.7610042095184326
1.6672515869140625
1.7763054370880127
1.7121989727020264
1.576932430267334
1.839097261428833
1.9000591039657593
1.5828479528427124
1.5389361381530762
1.8055411577224731
1.7794119119644165
1.7021234035491943
1.6560455560684204
1.8372089862823486
1.6956653594970703
1.7238097190856934
1.6389151811599731
1.6624788045883179
1.5792373418807983
1.5281652212142944
1.6938540935516357
1.8120732307434082
1.7525280714035034
1.5930752754211426
1.757197618484497
1.7453742027282715
1.8369582891464233
1.6247690916061401
1.6936160326004028
1.8301703929901123
1.7605127096176147
1.5323028564453125
2.1359121799468994
1.8421430587768555
1.517356514930725
1.8985968828201294
1.6672714948654175
1.6713871955871582
1.7495092153549194
1.604589581489563
1.607262134552002
1.687438726425171
1.5523000955581665
1.6289845705032349
1.5947455167770386
1.537269115447998
1.7189909219741821
1.7308512926101685
1.7462109327316284
1.6096214056015015
1.5658339262008667
1.6694583892822266
1.5645285844802856
1.5371137857437134
1.8188188076019287
1.5469266176223755
1.7483532428741455
1.6369686126708984
1.5909138917922974
1.6181150674819946
1.6750527620315552
1.636500597000122
1.6864211559295654
1.6553549766540527
1.7665177583694458
1.5246628522872925
1.7615633010864258
1.8733179569244385
1.679495096206665
1.8122502565383911
1.6591732501983643
1.6756054162979126
1.75072181224823
1.6848775148391724
1.6920796632766724
1.885789155960083
1.5395175218582153
1.8065288066864014
1.9940532445907593
1.8377548456192017
1.8673516511917114
1.55820894241333
1.764305830001831
1.552962303161621
1.6886705160140991
1.8962777853012085
1.5410668849945068
1.623003363609314
1.6503633260726929
1.713774561882019
1.7077529430389404
1.878008246421814
1.7252814769744873
1.711972713470459
1.8151438236236572
1.7697125673294067
1.8450136184692383
1.8106670379638672
1.821348786354065
1.6818479299545288
1.6525496244430542
1.7680091857910156
1.4960477352142334
1.6442519426345825
1.5532280206680298
1.841476559638977
1.6543081998825073
1.6959824562072754
1.7317167520523071
1.723769187927246
1.5341973304748535
1.76218581199646
1.5696346759796143
1.7720504999160767
1.7204244136810303
1.6130496263504028
1.8219473361968994
1.7245287895202637
1.8995029926300049
1.8079023361206055
1.5591225624084473
1.6448472738265991
1.9905647039413452
1.7117810249328613
1.7952343225479126
1.9918330907821655
1.5803613662719727
1.6091068983078003
1.6510460376739502
1.8404377698898315
1.5115076303482056
1.8011295795440674
1.785412311553955
1.6842436790466309
1.6262049674987793
1.6175700426101685
1.8666306734085083
1.582829236984253
1.5201892852783203
1.6159334182739258
1.6810699701309204
1.6326595544815063
1.6932580471038818
1.5916298627853394
1.669568419456482
1.709833025932312
1.7580244541168213
1.6135203838348389
1.8189359903335571
1.6580188274383545
1.933482050895691
1.5698188543319702
1.5598417520523071
1.6824707984924316
1.7122039794921875
1.5057073831558228
1.6607834100723267
1.523249864578247
1.9726531505584717
1.504004716873169
1.694427728652954
1.7948241233825684
1.7662458419799805
1.880832314491272
1.62018883228302
1.7181239128112793
1.4926388263702393
2.0273563861846924
1.5935685634613037
2.0750701427459717
1.7032629251480103
1.6121649742126465
1.662678837776184
1.5916635990142822
1.794268012046814
1.6149290800094604
1.6995606422424316
1.8248082399368286
1.5093154907226562
1.7369314432144165
1.5247162580490112
1.533831238746643
1.5530874729156494
1.7788965702056885
1.5002427101135254
1.5635820627212524
1.5046231746673584
1.5011624097824097
1.8001973628997803
1.582472324371338
1.5968608856201172
1.8102916479110718
1.5823932886123657
1.7775459289550781
1.5671151876449585
1.6777950525283813
1.4068008661270142
1.5646286010742188
1.6187975406646729
1.663763403892517
1.6191189289093018
1.588791012763977
1.743309497833252
1.500533103942871
1.6624255180358887
1.7691388130187988
1.5921953916549683
1.785905122756958
1.7627995014190674
1.6776244640350342
1.6802021265029907
1.8315443992614746
1.8117753267288208
1.5254427194595337
1.6395657062530518
1.5517654418945312
1.6177512407302856
1.6098393201828003
1.7234023809432983
1.753784418106079
1.5402092933654785
1.647797703742981
1.5814706087112427
1.5612571239471436
1.618976354598999
1.6194154024124146
1.4794994592666626
1.5935704708099365
1.5412184000015259
1.5046229362487793
1.6381186246871948
1.897971272468567
1.6461870670318604
1.6264344453811646
1.676198959350586
1.50831937789917
1.7026357650756836
1.5180096626281738
1.5870417356491089
1.6098995208740234
1.4772230386734009
1.4304792881011963
1.5053662061691284
1.7097573280334473
1.405239462852478
1.7148271799087524
1.4633533954620361
1.6087429523468018
1.5200726985931396
1.7417839765548706
1.6251726150512695
1.546013593673706
1.449028491973877
1.6001152992248535
1.480054259300232
1.516566276550293
1.609357237815857
1.727097988128662
1.45859956741333
1.640805721282959
1.4520562887191772
1.7625845670700073
1.7241277694702148
1.6307257413864136
1.633857250213623
1.6616827249526978
1.534984827041626
1.5396554470062256
1.6448789834976196
1.502928376197815
1.4777042865753174
1.6289445161819458
1.5866831541061401
1.7046220302581787
1.701073408126831
1.705715298652649
1.6173501014709473
1.5000241994857788
1.5396620035171509
1.6867254972457886
1.4013774394989014
1.4315428733825684
1.5046190023422241
1.3582818508148193
1.7699613571166992
1.5368683338165283
1.7238993644714355
1.4584720134735107
1.5499458312988281
1.4104773998260498
1.5244487524032593
1.561299204826355
1.6285076141357422
1.6622271537780762
1.514595866203308
1.766492486000061
1.7320302724838257
1.6674176454544067
1.6413073539733887
1.516032099723816
1.4307518005371094
1.6207876205444336
1.6724015474319458
1.6841459274291992
1.7005187273025513
1.8788542747497559
1.6303024291992188
1.6090234518051147
1.582990050315857
1.5909568071365356
1.6411861181259155
1.5739511251449585
1.5666619539260864
1.555544376373291
1.5273644924163818
1.7417316436767578
1.4647656679153442
1.6886038780212402
1.7801486253738403
1.601523995399475
1.5915924310684204
1.6042397022247314
1.574779748916626
1.5323448181152344
1.583290934562683
1.3229459524154663
1.3952070474624634
1.7071282863616943
1.4518849849700928
1.2714394330978394
1.578338623046875
1.5831427574157715
1.5960978269577026
1.474552869796753
1.2136470079421997
1.4965194463729858
1.6116920709609985
1.6942694187164307
1.383252501487732
1.334736943244934
1.6392146348953247
1.7093585729599
1.6479570865631104
1.5784732103347778
1.7092177867889404
1.8106545209884644
1.4807401895523071
1.6874041557312012
1.5809605121612549
1.4034788608551025
1.5247995853424072
1.4468932151794434
1.5258067846298218
1.5595667362213135
1.5812864303588867
1.5102405548095703
1.4209522008895874
1.7511494159698486
1.5700833797454834
1.4634904861450195
1.5061181783676147
1.4414993524551392
1.2996783256530762
1.4445953369140625
1.6425395011901855
1.5062581300735474
1.4514527320861816
1.5409492254257202
1.7200446128845215
1.6323952674865723
1.4306963682174683
1.5580145120620728
1.2806613445281982
1.7775906324386597
1.3604240417480469
1.2954832315444946
1.4547749757766724
1.277388334274292
1.326903223991394
1.402673602104187
1.359279751777649
1.436963438987732
1.4346742630004883
1.3202232122421265
1.212969183921814
1.6530282497406006
1.423022985458374
1.7664484977722168
1.5745939016342163
1.658079981803894
1.603111982345581
1.3278435468673706
1.6564459800720215
1.6563228368759155
1.678728699684143
1.4926403760910034
1.6058648824691772
1.587086796760559
1.3544797897338867
1.316566824913025
1.3348724842071533
1.4455662965774536
1.538629174232483
1.3507229089736938
1.6338411569595337
1.433035135269165
1.551541805267334
1.4503659009933472
1.4406934976577759
1.328566074371338
1.4895002841949463
1.4545276165008545
1.435211181640625
1.5282385349273682
1.3479729890823364
1.4243290424346924
1.4699556827545166
1.6310917139053345
1.6060843467712402
1.547624945640564
1.5923991203308105
1.4572385549545288
1.5670278072357178
1.4016960859298706
1.5494269132614136
1.2257331609725952
1.4569265842437744
1.2298996448516846
1.4021053314208984
1.5029040575027466
1.388173222541809
1.4814282655715942
1.413718581199646
1.8146874904632568
1.5028831958770752
1.3289132118225098
1.695658564567566
1.7465171813964844
1.6311930418014526
1.8459640741348267
1.4954314231872559
1.486374855041504
1.4482853412628174
1.3084399700164795
1.3828506469726562
1.4146209955215454
1.4474902153015137
1.4259402751922607
1.6712974309921265
1.3622575998306274
1.4913784265518188
1.2354613542556763
1.4061881303787231
1.3210614919662476
1.3868242502212524
1.2981001138687134
1.455901861190796
1.5008807182312012
1.2926108837127686
1.4856585264205933
1.4721729755401611
1.4221875667572021
1.5467981100082397
1.4868639707565308
1.540147066116333
1.3874984979629517
1.5098742246627808
1.275478482246399
1.288243055343628
1.1423908472061157
1.3804656267166138
1.4847031831741333
1.530863881111145
1.3142468929290771
1.4886345863342285
1.7201112508773804
1.5279923677444458
1.525245189666748
1.4742194414138794
1.375081181526184
1.4584718942642212
1.4218031167984009
1.4069406986236572
1.4694401025772095
1.634032130241394
1.660860538482666
1.4193308353424072
1.5089510679244995
1.617234706878662
1.3780370950698853
1.4901729822158813
1.5911818742752075
1.5926170349121094
1.4569587707519531
1.408504605293274
1.4283442497253418
1.1423518657684326
1.5295262336730957
1.4934738874435425
1.3378345966339111
1.589831829071045
1.188347578048706
1.4279271364212036
1.2769609689712524
1.2915526628494263
1.334290623664856
1.3692628145217896
1.2082406282424927
1.2533146142959595
1.3585058450698853
1.427960753440857
1.2535548210144043
1.17215096950531
1.2146673202514648
1.441272258758545
1.366146206855774
1.4754115343093872
1.388778567314148
1.4233744144439697
1.4789918661117554
