2.2025880813598633
1.9804840087890625
2.0975828170776367
2.1506130695343018
2.145460844039917
2.093491554260254
2.066026210784912
2.093949794769287
2.1736884117126465
2.165278196334839
1.7955657243728638
1.9279907941818237
2.0356838703155518
2.586214303970337
2.095841884613037
1.7152366638183594
2.0983688831329346
2.2406864166259766
1.7925734519958496
2.0748329162597656
1.7674612998962402
1.7695655822753906
2.2125792503356934
1.7202074527740479
1.510938048362732
1.6384825706481934
1.9128179550170898
1.762181043624878
1.770424723625183
1.4794914722442627
1.795678734779358
1.930455207824707
1.903289794921875
1.6180763244628906
1.9449939727783203
2.0309090614318848
1.765873908996582
1.9113694429397583
1.7226094007492065
1.8670836687088013
1.6339150667190552
1.438703179359436
1.5782113075256348
1.3902984857559204
1.5974489450454712
1.3424314260482788
1.420665979385376
1.6255784034729004
1.2449593544006348
1.5604445934295654
1.7572550773620605
1.100435495376587
1.3813951015472412
1.3345974683761597
1.5080357789993286
1.5101300477981567
1.502787470817566
1.6251026391983032
1.20707106590271
1.1952482461929321
1.0418763160705566
1.1521531343460083
1.1315512657165527
1.1125050783157349
1.1666359901428223
1.1980723142623901
0.9801895022392273
1.186499834060669
1.23475182056427
0.9168067574501038
1.0779635906219482
1.0791603326797485
1.1501696109771729
1.0000107288360596
0.8027487397193909
0.9372707605361938
0.6604515314102173
0.825156033039093
0.8778059482574463
0.9334712028503418
0.70318204164505
0.9045004844665527
1.1747677326202393
0.8368160128593445
1.1267762184143066
0.9479508996009827
0.5612096190452576
0.7165364027023315
0.7485466599464417
0.84669029712677
0.7383482456207275
0.7637264132499695
0.5938732624053955
0.7079891562461853
1.1067237854003906
0.7630992531776428
0.8352234959602356
0.6560295224189758
1.05635404586792
0.8018118143081665
1.0639060735702515
1.0558502674102783
0.7167481780052185
0.9299631714820862
0.9151550531387329
0.7086031436920166
0.5651655197143555
0.9512354135513306
0.842389702796936
0.8895009756088257
0.781135618686676
1.3009380102157593
0.9941214323043823
0.9098829030990601
0.930914044380188
0.5397167205810547
0.7356584668159485
0.6502087116241455
0.5526950359344482
0.6235705614089966
0.5759329795837402
0.3299098610877991
0.8272822499275208
1.0148451328277588
1.0859448909759521
0.5802485346794128
0.4062715470790863
0.8609734177589417
0.2096627950668335
0.6191871166229248
1.1266283988952637
0.7415868043899536
0.7222282886505127
0.6901986002922058
0.826801061630249
1.1691651344299316
0.9884546995162964
0.7316046953201294
0.7076569199562073
0.6790015697479248
0.9134314656257629
0.8120612502098083
1.1779037714004517
1.0428099632263184
0.7385227680206299
1.0759385824203491
0.5083321332931519
0.6504050493240356
0.7859883904457092
0.8585602641105652
0.8100256323814392
0.638344407081604
0.5868737697601318
1.184739351272583
1.1243571043014526
0.7054856419563293
0.8165764808654785
0.7831092476844788
0.7303152680397034
0.6819183826446533
0.7755956053733826
0.9351240396499634
0.7708648443222046
0.5111558437347412
0.8957785367965698
0.7880114316940308
1.2921478748321533
1.171233057975769
0.697020411491394
0.8503742814064026
0.6633480787277222
0.7894044518470764
0.9234530329704285
0.5999810695648193
0.7474559545516968
0.8174773454666138
0.750229001045227
0.9476378560066223
0.8124717473983765
0.9872606992721558
0.590804398059845
0.9636673927307129
1.39747154712677
0.7837234735488892
0.9400510191917419
0.9117648601531982
0.8099310398101807
0.5623188018798828
0.7409305572509766
1.0773217678070068
0.650436282157898
0.6514225602149963
0.78680419921875
1.4200462102890015
0.8642081618309021
1.335915207862854
0.7383840084075928
1.073354959487915
0.7192671895027161
0.7907823324203491
0.9133459329605103
0.5184412002563477
0.7008981108665466
0.8273282647132874
1.270218849182129
0.6735262274742126
0.6107101440429688
1.1259961128234863
0.6276763677597046
0.9677503705024719
0.8678045272827148
0.8645802736282349
0.9517054557800293
1.1365209817886353
0.946564257144928
0.7856780290603638
1.00444757938385
1.1977156400680542
1.0679939985275269
1.3736850023269653
1.3988292217254639
1.7071784734725952
0.9998002648353577
0.5090587735176086
1.3229666948318481
1.337462306022644
0.9656554460525513
1.0677847862243652
1.1431313753128052
1.3468924760818481
1.0919771194458008
1.3634560108184814
1.5929450988769531
1.3042739629745483
1.4789979457855225
1.583902359008789
1.521378993988037
1.0008615255355835
1.2897114753723145
1.026771068572998
0.8222538232803345
1.0874675512313843
0.9433295726776123
1.4808779954910278
0.8420988917350769
0.8112574815750122
1.1837269067764282
1.3906872272491455
1.3797533512115479
1.2876355648040771
1.0270246267318726
1.3530141115188599
1.6855835914611816
0.8811600208282471
1.2175116539001465
1.0498368740081787
0.8694779276847839
1.0567970275878906
1.0936596393585205
1.16862154006958
1.0324105024337769
1.386577844619751
1.5946171283721924
0.8220861554145813
1.5392613410949707
1.210700511932373
0.9908591508865356
1.0528019666671753
0.815504252910614
1.5431231260299683
1.204485535621643
1.2601984739303589
1.2852414846420288
1.245656132698059
0.9705654978752136
1.2842073440551758
0.8270078301429749
1.2125160694122314
1.228496789932251
0.7535818815231323
1.103662133216858
0.8918665051460266
1.2284976243972778
0.8676885962486267
1.2344653606414795
1.4925881624221802
1.1007118225097656
0.9111119508743286
1.6592117547988892
1.0689401626586914
1.5633257627487183
0.9585999250411987
1.4018020629882812
1.2554253339767456
1.2245348691940308
1.1205028295516968
0.7719012498855591
1.5163556337356567
1.5041391849517822
1.5028455257415771
0.8125828504562378
1.679080605506897
1.3098831176757812
1.0884844064712524
0.7130242586135864
0.8499031662940979
1.3304080963134766
1.2478779554367065
1.1966640949249268
1.0754178762435913
0.947979211807251
1.502353549003601
1.5359230041503906
1.2267067432403564
0.9114843010902405
1.3192167282104492
1.312799096107483
1.0845189094543457
1.3183913230895996
0.9515138268470764
1.802472710609436
1.2567343711853027
0.8847662210464478
1.6544824838638306
1.1539874076843262
0.8499735593795776
0.9300795197486877
1.16822350025177
0.8808954358100891
1.1380584239959717
1.3698210716247559
1.375430703163147
1.184625506401062
0.8143746852874756
1.2983514070510864
1.3185721635818481
1.0559433698654175
1.0348198413848877
1.315402626991272
0.7735743522644043
0.9719902276992798
0.8051472306251526
0.9127492308616638
1.0604974031448364
1.05058753490448
1.5450810194015503
1.1155552864074707
1.3048646450042725
1.5959954261779785
1.026702642440796
0.751736044883728
1.1050957441329956
1.2824337482452393
1.1826802492141724
1.0983645915985107
0.9924719333648682
1.226867437362671
0.9125903844833374
1.0956366062164307
1.2253482341766357
1.0548263788223267
1.1187175512313843
1.3088535070419312
1.4267876148223877
0.9057099223136902
1.2162132263183594
1.48300039768219
1.3083096742630005
0.9061949253082275
0.9387507438659668
1.3308992385864258
1.1665796041488647
1.1618881225585938
0.9874058961868286
0.89096599817276
0.996921718120575
1.279005527496338
1.0093640089035034
0.7846983671188354
1.4189704656600952
1.3393876552581787
1.4149837493896484
0.7465071678161621
1.3357042074203491
0.9615333676338196
1.2989964485168457
0.8898535966873169
2.070650577545166
1.4805442094802856
1.5835590362548828
1.4322909116744995
1.1570206880569458
1.0486741065979004
1.2412718534469604
1.590683102607727
1.2296704053878784
0.7987621426582336
1.309094786643982
1.2988849878311157
1.3580125570297241
1.196807622909546
1.4190423488616943
0.6415462493896484
0.7159326076507568
1.4639687538146973
1.2012054920196533
1.402372121810913
1.117136001586914
1.1879700422286987
1.3565306663513184
1.5353463888168335
1.0916227102279663
1.3288334608078003
0.9293082356452942
1.3435838222503662
1.2504428625106812
1.2811102867126465
1.3552602529525757
1.0751315355300903
1.2182985544204712
1.1668620109558105
0.8420592546463013
1.8131216764450073
1.1361764669418335
1.4448953866958618
1.4058358669281006
0.9888110756874084
1.0611863136291504
1.283478021621704
1.308569073677063
1.1668180227279663
1.2153141498565674
1.3394137620925903
1.037858009338379
1.1862925291061401
1.130656361579895
1.1172492504119873
1.086772084236145
1.1594676971435547
1.0051474571228027
1.0698740482330322
0.7191891670227051
1.0954952239990234
1.0729353427886963
1.5385440587997437
1.4678583145141602
0.9795181155204773
1.3864187002182007
0.8401880264282227
1.1443923711776733
1.27293860912323
1.0737504959106445
0.8365111947059631
1.4745975732803345
1.4348173141479492
1.400921106338501
1.0487176179885864
1.1236481666564941
0.9032963514328003
1.5159918069839478
0.9925692081451416
1.2878973484039307
1.112979531288147
0.9530013203620911
1.0841829776763916
1.0697189569473267
1.7176347970962524
1.0173141956329346
1.4425395727157593
1.2268253564834595
1.8430918455123901
0.8552473783493042
0.8306216597557068
1.3957059383392334
1.2337039709091187
0.9496368169784546
0.9522392153739929
1.329312801361084
0.9734096527099609
1.3694994449615479
0.756291925907135
1.0474482774734497
0.8002899885177612
1.4203073978424072
1.33511483669281
1.0455684661865234
1.2511699199676514
1.2368192672729492
0.835198163986206
1.4856332540512085
1.0924232006072998
1.4670779705047607
1.4876577854156494
1.0437098741531372
0.7039808630943298
1.0903825759887695
1.4081804752349854
1.3998223543167114
1.2795085906982422
1.2833880186080933
1.169029951095581
0.6327901482582092
1.1888240575790405
1.2458802461624146
1.2022085189819336
1.2231645584106445
1.2795441150665283
1.5418967008590698
1.024540662765503
0.7037150263786316
0.9083173871040344
1.1754662990570068
1.1299214363098145
0.9605885148048401
1.7220486402511597
1.2450499534606934
1.1160178184509277
1.6684858798980713
1.1454460620880127
1.2279095649719238
1.2500402927398682
1.419606328010559
1.870646595954895
0.7745909094810486
1.628313422203064
0.7795661687850952
1.028924822807312
2.1831417083740234
1.0657188892364502
1.058168888092041
1.2536463737487793
1.6521098613739014
1.3849395513534546
1.191451072692871
1.9596664905548096
1.353975772857666
0.867194652557373
0.9193679690361023
1.4194400310516357
1.2116366624832153
1.122153878211975
2.0217394828796387
1.1743184328079224
1.3845410346984863
1.5753599405288696
1.2924418449401855
1.1648445129394531
1.0583184957504272
0.7615975141525269
1.0168836116790771
0.9015219211578369
1.3476529121398926
1.2100530862808228
2.3359384536743164
1.17048978805542
1.2816014289855957
1.3040109872817993
1.3127789497375488
1.259714126586914
0.7232517600059509
0.786760687828064
1.4151191711425781
1.0369728803634644
0.8283607363700867
1.2029173374176025
0.8094253540039062
1.4450392723083496
1.195505976676941
1.1137293577194214
0.7459205389022827
1.0356274843215942
1.0381057262420654
1.260558009147644
0.9596388339996338
1.0704635381698608
1.4660521745681763
1.0244548320770264
1.404205083847046
1.2061560153961182
0.6743123531341553
1.3076363801956177
0.6753489971160889
0.7174250483512878
1.118978500366211
0.8314704298973083
1.650784969329834
1.1784955263137817
0.8539505004882812
1.3063513040542603
1.0833384990692139
1.5427063703536987
1.3589707612991333
1.634291648864746
1.2074580192565918
1.4693584442138672
1.2870179414749146
1.033648133277893
0.9812085628509521
0.9501612186431885
0.9914860725402832
1.4551715850830078
1.0855345726013184
1.3305308818817139
0.7977755069732666
1.7473539113998413
1.4184248447418213
1.3382197618484497
1.1587022542953491
1.0170961618423462
0.77375328540802
1.451397180557251
1.0943232774734497
0.797950267791748
1.4558489322662354
1.3222070932388306
1.3166698217391968
1.253527283668518
1.4273279905319214
1.358830213546753
0.7746070623397827
1.1074539422988892
1.8995624780654907
1.4044246673583984
1.3029851913452148
0.7817867398262024
1.4693013429641724
0.883399486541748
0.9802336096763611
1.2730381488800049
1.2773362398147583
1.1309089660644531
1.5965774059295654
0.9215166568756104
1.1721175909042358
1.173596739768982
1.1360499858856201
0.9948241114616394
1.934536099433899
0.9477685689926147
1.261549472808838
1.7784769535064697
1.6382405757904053
1.2966790199279785
1.6553875207901
1.4799914360046387
0.691156804561615
1.5297001600265503
0.6651686429977417
0.7346694469451904
1.2888169288635254
1.8010085821151733
0.7906120419502258
1.1334682703018188
1.1236547231674194
0.8660966753959656
1.3337770700454712
1.2899541854858398
1.1893930435180664
1.3174351453781128
1.6530507802963257
1.0057464838027954
1.8940855264663696
0.8625924587249756
1.3033533096313477
1.5487675666809082
1.0443358421325684
1.1635863780975342
1.194945216178894
0.7901943325996399
1.0812535285949707
1.284224510192871
1.237224817276001
1.6474348306655884
1.139453649520874
1.3132182359695435
1.4068108797073364
1.1660544872283936
0.9446589350700378
0.8657196164131165
1.1212341785430908
1.2924610376358032
1.2880117893218994
1.173685073852539
1.2405210733413696
0.8730160593986511
1.1087807416915894
1.4124571084976196
1.099200963973999
1.1405454874038696
1.0589662790298462
1.357330083847046
1.2822211980819702
1.021428108215332
1.0635582208633423
1.4183424711227417
1.2665674686431885
1.3407533168792725
0.7008563876152039
1.3237274885177612
1.311403751373291
1.4143418073654175
2.130619525909424
1.1928669214248657
1.361382007598877
0.9980194568634033
1.1169863939285278
1.498388409614563
1.3794476985931396
1.048022747039795
0.9602795839309692
1.5728956460952759
1.2429676055908203
1.0993306636810303
1.2673290967941284
1.955614447593689
1.3162100315093994
1.0020838975906372
2.0053584575653076
1.0476378202438354
0.981471598148346
1.100403070449829
0.8479505181312561
1.2579364776611328
1.2340888977050781
1.856154203414917
1.559848427772522
0.8236144781112671
1.3639132976531982
1.3513567447662354
1.0355933904647827
1.1961627006530762
1.1034183502197266
1.9949135780334473
0.6575542688369751
1.0799864530563354
0.8110752701759338
1.0665624141693115
1.5550205707550049
1.014775037765503
1.73831045627594
0.8057599067687988
0.6304759979248047
1.323685884475708
1.0750980377197266
1.304835557937622
1.2593644857406616
1.078390121459961
1.6564321517944336
1.253676176071167
0.9137971997261047
1.133568286895752
1.1510196924209595
1.0574500560760498
1.2071433067321777
1.225492238998413
1.2018431425094604
1.2371251583099365
1.625238299369812
1.0200278759002686
1.2731596231460571
1.2302014827728271
1.3084917068481445
1.2068268060684204
1.4325045347213745
0.9526200294494629
0.979911744594574
1.21974778175354
1.147274374961853
1.3882148265838623
1.1124567985534668
0.6537319421768188
1.056217074394226
1.3973934650421143
1.1728157997131348
0.863278865814209
1.587341547012329
1.1468822956085205
0.8653873205184937
1.201899528503418
1.168460726737976
1.2991489171981812
1.7669705152511597
1.3946731090545654
0.9636512994766235
1.227368950843811
1.7884604930877686
1.1424983739852905
1.0344035625457764
1.0981413125991821
2.178914785385132
1.3501852750778198
1.1702433824539185
0.8031642436981201
1.138373851776123
1.3844990730285645
1.07026207447052
1.6818804740905762
1.5746015310287476
0.6121848225593567
1.4141191244125366
1.175711750984192
1.3575998544692993
1.5756758451461792
0.8809126019477844
1.4929479360580444
0.9517618417739868
1.151190161705017
1.1230638027191162
1.5701855421066284
1.4321378469467163
1.5424845218658447
1.4046101570129395
1.6080999374389648
1.9728220701217651
1.192002296447754
1.4050391912460327
1.2514537572860718
1.256072759628296
0.9654702544212341
1.2248103618621826
1.4450111389160156
1.424499273300171
1.7321586608886719
2.091465711593628
1.1480309963226318
1.7932054996490479
1.8848743438720703
1.0928679704666138
1.0343466997146606
1.1924797296524048
1.4865869283676147
1.7321574687957764
1.2117022275924683
1.421778678894043
0.9915620684623718
1.236372947692871
1.0150399208068848
1.0806972980499268
1.1673930883407593
1.1941378116607666
0.6192841529846191
1.1778650283813477
1.2637699842453003
1.613242745399475
1.354657530784607
1.383021354675293
1.5690292119979858
1.149491786956787
1.545282006263733
0.6478356719017029
1.1520531177520752
1.230241298675537
1.5415329933166504
1.2501399517059326
1.0051655769348145
1.1111621856689453
1.5214167833328247
1.1738215684890747
1.234036922454834
1.1585673093795776
1.1476190090179443
0.9590115547180176
1.6841533184051514
1.1201776266098022
0.9831323623657227
1.1888558864593506
1.6382415294647217
1.1935069561004639
0.9327781796455383
1.3843152523040771
1.3634997606277466
1.6485342979431152
1.3788994550704956
1.3839318752288818
1.4989665746688843
0.7613437175750732
1.1074367761611938
1.1916425228118896
1.3227556943893433
1.6962915658950806
1.1693164110183716
0.9146661758422852
1.5415675640106201
1.2466843128204346
1.0388083457946777
1.2071151733398438
1.5903486013412476
2.002044200897217
1.0288724899291992
1.2112011909484863
1.116110920906067
1.3906248807907104
1.7478926181793213
0.7476378679275513
1.0382225513458252
1.3876676559448242
1.412003993988037
1.4474976062774658
1.5499448776245117
1.4861854314804077
