2.4748871326446533
2.2315433025360107
2.3077802658081055
2.2906951904296875
2.3021645545959473
2.310438394546509
2.287421703338623
2.323734998703003
2.2739415168762207
2.33219575881958
2.299504280090332
2.295067548751831
2.282060384750366
2.2730331420898438
2.145686388015747
2.1380081176757812
2.013357162475586
2.352776288986206
1.9406003952026367
1.9281001091003418
1.941906213760376
1.6480839252471924
1.6463202238082886
1.9799667596817017
1.9428679943084717
1.8873965740203857
1.8936790227890015
1.9443879127502441
2.2162630558013916
1.9843162298202515
1.687575340270996
1.7791416645050049
1.7014058828353882
2.301743268966675
1.748781442642212
2.004657745361328
1.807779312133789
1.890151858329773
1.9723023176193237
1.5871261358261108
1.3760595321655273
1.873515248298645
1.8910775184631348
2.124490261077881
1.73681640625
1.7166693210601807
1.9597570896148682
1.861999273300171
1.975329041481018
1.717528223991394
1.4320628643035889
1.679396390914917
1.6467024087905884
2.4232773780822754
2.0231988430023193
2.818819046020508
1.6493632793426514
1.7113292217254639
1.5581300258636475
1.602561354637146
1.4564305543899536
1.3318506479263306
1.8487064838409424
1.6584478616714478
1.9836467504501343
2.051121473312378
2.042788028717041
1.6296806335449219
1.6481798887252808
1.7312257289886475
1.972842812538147
1.9512312412261963
1.6744661331176758
1.8140273094177246
2.191804885864258
1.657101035118103
1.8326443433761597
1.7286878824234009
1.780470609664917
1.8507388830184937
1.8019821643829346
1.729117512702942
2.294407367706299
1.718690276145935
2.00783109664917
1.6584807634353638
1.7583671808242798
1.8741943836212158
1.5773859024047852
1.68861985206604
1.9508466720581055
2.364560842514038
2.321176528930664
2.2598376274108887
2.1286795139312744
2.0511937141418457
2.2756283283233643
1.6799941062927246
1.7767022848129272
1.5610082149505615
1.9352303743362427
1.9317693710327148
1.6099793910980225
1.9260222911834717
1.5655909776687622
1.709165334701538
1.9632301330566406
1.9172199964523315
1.49083411693573
1.3989211320877075
1.631604790687561
1.149827480316162
1.6087219715118408
1.6690713167190552
1.4769315719604492
2.297518730163574
1.8184020519256592
1.4084413051605225
1.5358303785324097
1.696516513824463
1.978879690170288
1.6471538543701172
1.2979426383972168
1.42062246799469
1.5265079736709595
1.6168677806854248
1.377558708190918
1.8277305364608765
1.8297901153564453
1.350705623626709
1.8976823091506958
1.7149144411087036
1.1260831356048584
1.1450247764587402
1.4645440578460693
1.3531440496444702
1.8623828887939453
1.2246602773666382
1.3928810358047485
1.729697585105896
1.5493355989456177
1.404708743095398
1.4234721660614014
1.4347485303878784
1.6132733821868896
1.7432582378387451
2.0368893146514893
1.6736319065093994
1.1313762664794922
1.202621340751648
4.476018905639648
1.3760462999343872
1.2129307985305786
1.5030370950698853
1.5315790176391602
2.3168325424194336
1.10924232006073
1.3463059663772583
1.5753633975982666
1.475092887878418
1.4445908069610596
1.4029145240783691
1.4207550287246704
1.8392021656036377
1.7266649007797241
1.1122214794158936
1.539804220199585
1.6565755605697632
1.812259554862976
1.26688814163208
1.333176851272583
1.9921818971633911
0.7131813764572144
1.0497266054153442
1.3429832458496094
1.5449024438858032
1.182865023612976
1.5943657159805298
1.4772694110870361
1.2884942293167114
2.79056715965271
2.7408876419067383
2.3834118843078613
2.3877196311950684
2.1605260372161865
2.0992352962493896
2.0464682579040527
2.06876540184021
1.9216268062591553
2.0429513454437256
2.0173232555389404
2.0545156002044678
2.083645820617676
2.033229351043701
2.3801019191741943
1.8769899606704712
1.8905409574508667
2.101804256439209
1.8753108978271484
2.1785824298858643
2.260530948638916
1.6805287599563599
2.1428494453430176
1.8867294788360596
1.7670522928237915
1.7678008079528809
2.055659055709839
1.7930022478103638
2.259009599685669
1.9882701635360718
1.787477731704712
2.113767147064209
2.223013401031494
1.9937574863433838
1.576733112335205
1.8298879861831665
1.7917237281799316
1.646907091140747
2.036302089691162
1.6754729747772217
1.3470772504806519
2.5126004219055176
1.802863359451294
2.3082330226898193
1.9409942626953125
1.9208486080169678
2.3187618255615234
1.8389265537261963
2.1617705821990967
2.110732078552246
1.9476258754730225
2.3288493156433105
1.8463526964187622
2.1593809127807617
1.8114290237426758
1.6607474088668823
2.77011775970459
1.7134644985198975
1.843889832496643
2.23811936378479
2.1544930934906006
2.30175518989563
1.7302818298339844
2.65129017829895
1.9434444904327393
2.481520414352417
1.9060254096984863
2.1829662322998047
2.4108803272247314
2.135038137435913
1.7333933115005493
1.7261523008346558
1.8697023391723633
2.0316529273986816
1.5111582279205322
1.6421740055084229
1.8221726417541504
1.803229570388794
1.8846299648284912
1.784379482269287
2.1127984523773193
1.8953169584274292
1.4863066673278809
1.8634824752807617
2.506059408187866
1.9848763942718506
1.8797376155853271
2.9848129749298096
1.8107025623321533
1.9605809450149536
2.5509238243103027
2.2580506801605225
2.355428457260132
2.352668046951294
2.4296517372131348
2.224303960800171
1.9825100898742676
1.9694000482559204
1.9290926456451416
1.7912774085998535
2.1072256565093994
1.9357787370681763
1.4513511657714844
1.5678542852401733
1.842995047569275
1.5811132192611694
1.8101203441619873
1.8132514953613281
2.043459415435791
1.8477468490600586
2.220569133758545
1.669339895248413
1.8063664436340332
1.6282697916030884
1.7948472499847412
1.6181331872940063
2.2409658432006836
1.7916557788848877
1.4540127515792847
2.148108720779419
2.0389297008514404
1.7789740562438965
1.3855929374694824
1.5277711153030396
1.5204761028289795
1.5796642303466797
1.6730526685714722
1.872319221496582
1.6850636005401611
2.12070631980896
2.4584193229675293
1.3777257204055786
2.150810480117798
1.3937854766845703
1.4634780883789062
1.7198082208633423
1.7218416929244995
1.4147469997406006
2.0216047763824463
2.004483699798584
1.4168412685394287
1.6271685361862183
1.6375815868377686
1.6784390211105347
1.987452745437622
1.8005719184875488
1.930921196937561
1.9282642602920532
1.9128241539001465
2.0245540142059326
1.6375900506973267
1.8761917352676392
1.6174254417419434
1.734604835510254
1.3776428699493408
1.4365217685699463
1.5638554096221924
1.5860638618469238
1.820753812789917
1.7838692665100098
1.8261793851852417
1.300197958946228
1.6562751531600952
1.595633625984192
1.4350337982177734
1.6281027793884277
1.4358524084091187
1.5485132932662964
1.8850001096725464
1.6571476459503174
1.9136030673980713
1.7814629077911377
1.7687301635742188
2.2371115684509277
1.5300207138061523
1.8361968994140625
1.8469171524047852
1.668170690536499
1.8081451654434204
1.9735956192016602
2.3476436138153076
2.387768030166626
2.289778232574463
2.227728843688965
2.2648110389709473
2.1499366760253906
1.7012875080108643
2.144366502761841
2.1788361072540283
1.696345567703247
1.8460074663162231
1.5865120887756348
1.987130045890808
2.001157283782959
1.4609706401824951
1.6991971731185913
1.5985139608383179
1.4790382385253906
1.5473438501358032
1.6708886623382568
1.8269994258880615
1.7248958349227905
1.6371188163757324
1.9260692596435547
1.8469293117523193
1.3941855430603027
1.5902252197265625
2.033176898956299
1.9528331756591797
1.7261862754821777
1.6868360042572021
1.7663872241973877
1.5855144262313843
1.3605434894561768
1.286492109298706
1.3707257509231567
1.5890532732009888
1.605971336364746
2.1998488903045654
2.229724884033203
1.5393826961517334
1.483669400215149
1.660811424255371
2.082301139831543
1.4995872974395752
1.932105541229248
1.7630493640899658
1.409236192703247
1.1044400930404663
1.3992903232574463
1.4542194604873657
1.7197853326797485
1.148931622505188
1.2614043951034546
2.1260626316070557
1.189205527305603
1.6231871843338013
1.5266696214675903
1.5890800952911377
1.5178624391555786
1.6819343566894531
1.349972128868103
1.3493789434432983
1.1215351819992065
1.177886962890625
1.2569364309310913
1.5453516244888306
1.7014961242675781
1.2072128057479858
1.312907338142395
1.5878621339797974
1.715376853942871
1.041008472442627
1.1818097829818726
1.4069851636886597
1.436368465423584
1.9652906656265259
0.6686524152755737
1.7895455360412598
1.125639796257019
1.5112526416778564
1.235896110534668
2.047353982925415
1.6418715715408325
1.1277852058410645
1.6356985569000244
0.975644588470459
1.5087932348251343
1.185478687286377
1.4733456373214722
2.4012184143066406
2.0054962635040283
2.186236619949341
1.8664555549621582
2.1029293537139893
2.4946210384368896
1.6657252311706543
2.296876907348633
1.6343662738800049
2.444713592529297
1.7953592538833618
2.0904664993286133
2.1307382583618164
1.7726551294326782
1.6594008207321167
1.5436451435089111
1.8171290159225464
2.00877046585083
1.9107332229614258
1.6543529033660889
2.1023688316345215
1.5943025350570679
1.743586540222168
1.6239577531814575
1.801921010017395
1.66034996509552
1.9583799839019775
1.969438076019287
1.6588536500930786
1.753854513168335
1.8308749198913574
2.0181639194488525
1.7565983533859253
1.688293695449829
1.8782665729522705
1.8764897584915161
1.4693275690078735
1.5790191888809204
1.8952085971832275
1.8429023027420044
1.9983559846878052
1.5097569227218628
2.0507893562316895
1.5759060382843018
1.7058894634246826
1.602979302406311
1.9130059480667114
2.2927544116973877
2.098299741744995
1.964189052581787
1.7275991439819336
1.9564790725708008
1.4573030471801758
1.8123500347137451
1.7218760251998901
1.6559752225875854
1.3925131559371948
1.4661539793014526
1.471792459487915
1.9444323778152466
1.868621826171875
1.407423734664917
1.2858940362930298
1.5502983331680298
1.4781224727630615
1.73391592502594
1.3176875114440918
1.5833616256713867
1.2993252277374268
1.7149481773376465
1.108986735343933
1.9340543746948242
1.6271523237228394
1.0973564386367798
1.7417874336242676
1.2402610778808594
1.3950564861297607
1.1120344400405884
1.4424452781677246
1.1762888431549072
1.6546893119812012
1.3429303169250488
1.5203524827957153
1.573415994644165
1.6824203729629517
1.1156631708145142
1.2090319395065308
1.217689037322998
1.5310192108154297
1.4041471481323242
2.924511671066284
2.3744964599609375
1.5339189767837524
1.546311616897583
1.0860297679901123
1.5773664712905884
1.509217619895935
1.4678279161453247
1.4121694564819336
1.128273367881775
1.5507780313491821
1.258566975593567
1.990059733390808
1.6961942911148071
1.747509479522705
1.965564489364624
1.6812061071395874
1.3638603687286377
1.080397129058838
1.3614388704299927
0.951576828956604
1.121896505355835
1.0414555072784424
1.3821938037872314
1.6104660034179688
1.4907200336456299
1.0587687492370605
1.0910534858703613
1.355539083480835
0.7020344138145447
1.3505628108978271
1.435293197631836
1.5921289920806885
1.059670329093933
1.1718677282333374
1.9033021926879883
1.0816450119018555
1.0075156688690186
1.2716761827468872
0.9375267028808594
1.1688268184661865
1.4803763628005981
1.2566297054290771
0.8676338195800781
1.1626644134521484
0.8479499220848083
2.8022572994232178
0.866402804851532
1.4364328384399414
0.8903312683105469
1.327222228050232
0.893454909324646
1.234782099723816
1.2600836753845215
1.09129798412323
0.9241523742675781
1.211530327796936
1.5346758365631104
1.2510418891906738
1.610069751739502
1.1574395895004272
1.086824655532837
1.4701788425445557
0.9577245116233826
1.7537603378295898
2.2271807193756104
0.9935922622680664
1.0101124048233032
1.0344396829605103
1.2138545513153076
1.1484888792037964
0.953288197517395
1.2808194160461426
1.0603408813476562
0.48228883743286133
1.2168302536010742
1.1816930770874023
1.5946335792541504
1.5480502843856812
0.8328703045845032
1.3021351099014282
1.0065563917160034
0.9773528575897217
1.222432017326355
1.1548956632614136
1.043027400970459
1.3360508680343628
0.9678731560707092
1.2965506315231323
1.4570767879486084
3.1229145526885986
2.825450897216797
2.1426467895507812
2.0052456855773926
2.2112560272216797
1.5249723196029663
1.6084541082382202
1.7818987369537354
2.154564380645752
1.4500973224639893
2.180332660675049
1.2534948587417603
0.8528944849967957
1.5282530784606934
1.2286124229431152
1.6168980598449707
1.4196829795837402
1.2080941200256348
1.8560795783996582
1.3048532009124756
1.1832290887832642
1.3144474029541016
0.9549720287322998
1.2372084856033325
1.2208064794540405
1.3881423473358154
1.3980642557144165
1.1591365337371826
1.3208553791046143
1.513110876083374
1.1232876777648926
1.1757152080535889
0.94828861951828
1.2094013690948486
1.2471263408660889
1.2364258766174316
1.9991755485534668
1.5445971488952637
1.0854365825653076
1.3292697668075562
1.594663381576538
1.2410409450531006
1.4143939018249512
1.3009161949157715
1.140964150428772
1.2997541427612305
1.1459505558013916
1.2262955904006958
1.4195760488510132
0.9984256625175476
1.0004537105560303
1.7716985940933228
0.5905413031578064
1.4614906311035156
1.1884880065917969
1.3036184310913086
1.464480996131897
1.4370603561401367
1.6890699863433838
1.041611909866333
1.3497061729431152
1.5086872577667236
1.5269187688827515
1.6560018062591553
1.30826735496521
1.4217098951339722
1.301693081855774
1.2687761783599854
0.9029300808906555
1.694206953048706
1.1435097455978394
1.2764041423797607
1.0436698198318481
1.1073668003082275
1.6027910709381104
1.047930359840393
1.4061774015426636
1.4433099031448364
1.1872057914733887
1.9898600578308105
1.124781608581543
1.2480344772338867
1.2494051456451416
0.7231688499450684
1.5509766340255737
1.0889604091644287
1.280529499053955
1.4822916984558105
1.6006373167037964
0.6466997861862183
3.56938099861145
2.339244842529297
2.0285205841064453
2.039461851119995
2.3145649433135986
1.778057336807251
1.4890347719192505
1.7044994831085205
1.7679245471954346
1.892871618270874
1.9653809070587158
1.9306610822677612
1.527160406112671
2.454594612121582
2.2570807933807373
1.9043335914611816
1.6953855752944946
2.3671164512634277
1.6440331935882568
1.6964876651763916
1.7203621864318848
1.7844895124435425
1.8010879755020142
1.833332896232605
2.173711061477661
1.5194172859191895
1.7551997900009155
1.832422137260437
1.9324170351028442
2.1263577938079834
1.8810014724731445
1.7925065755844116
1.962524175643921
1.9694159030914307
1.6338199377059937
1.4998540878295898
1.884750247001648
1.3036441802978516
1.4750356674194336
1.9277459383010864
1.622279167175293
1.5534842014312744
1.7403011322021484
1.9261802434921265
1.2629269361495972
1.703284502029419
1.5343337059020996
1.610596776008606
1.1510705947875977
1.8763777017593384
1.0872982740402222
1.1994647979736328
1.8567825555801392
1.8434910774230957
1.172418236732483
1.594173789024353
1.558388352394104
1.4052889347076416
1.6704556941986084
1.0431783199310303
1.231207251548767
1.568422555923462
1.3257653713226318
1.5986067056655884
1.0655360221862793
1.6372443437576294
0.9836137890815735
1.9937641620635986
1.6109474897384644
1.2549731731414795
1.2567394971847534
1.268520712852478
1.4445925951004028
1.2511482238769531
1.2105460166931152
1.2085886001586914
1.7428447008132935
1.0345098972320557
0.9848837852478027
1.879835605621338
1.1422621011734009
1.4202520847320557
1.1318823099136353
0.9664475321769714
1.2758601903915405
1.0118168592453003
1.1907379627227783
1.953995943069458
1.2865169048309326
1.2856332063674927
2.6107728481292725
2.6951258182525635
2.373406410217285
2.3048312664031982
2.2884650230407715
2.2623798847198486
2.194509744644165
2.045471668243408
1.9574836492538452
1.796284556388855
1.6357330083847046
1.8712530136108398
1.5840706825256348
2.105771780014038
2.2858219146728516
1.7286865711212158
1.6992403268814087
1.7911430597305298
1.6516220569610596
1.553326964378357
2.6232001781463623
2.3611793518066406
1.8930904865264893
1.7641276121139526
1.771281123161316
1.9836820363998413
1.6820452213287354
1.9323362112045288
1.760135531425476
2.378538131713867
1.9457972049713135
1.7585468292236328
1.5340230464935303
1.8147205114364624
1.6765034198760986
1.6511611938476562
1.838707685470581
2.242953300476074
1.4322301149368286
1.6186155080795288
1.7004963159561157
1.9002282619476318
1.7904648780822754
1.6771314144134521
1.8190306425094604
1.7365719079971313
1.55094313621521
1.6151536703109741
1.7048554420471191
1.7083182334899902
1.7935421466827393
1.7686645984649658
1.63956880569458
1.9781328439712524
1.4654297828674316
1.3626347780227661
1.8060617446899414
1.7780176401138306
1.3049554824829102
1.7497366666793823
1.3226639032363892
1.5025231838226318
1.498968482017517
1.436178207397461
1.4491686820983887
1.4353907108306885
1.3264575004577637
1.217512845993042
2.309345006942749
1.6576870679855347
1.3194148540496826
1.6617594957351685
1.6053158044815063
1.2581889629364014
1.8224568367004395
1.558598518371582
1.3628777265548706
1.6223152875900269
1.5069831609725952
2.100403070449829
1.1567739248275757
1.4587907791137695
1.5012223720550537
1.1162029504776
1.3070794343948364
1.2528719902038574
1.7880988121032715
1.297845482826233
1.3936262130737305
1.0395152568817139
2.564279794692993
2.4839439392089844
2.347829818725586
2.810110092163086
2.1493008136749268
2.318305015563965
2.147489547729492
1.9861528873443604
1.7165217399597168
2.1541967391967773
2.1307973861694336
2.076838493347168
1.9017438888549805
2.333723783493042
1.8802142143249512
1.7631961107254028
1.7651844024658203
1.782552719116211
1.9764842987060547
1.9938132762908936
1.8658748865127563
1.6708372831344604
1.9022026062011719
2.0082411766052246
1.742897629737854
1.46916925907135
1.4374465942382812
2.1799964904785156
1.6887887716293335
1.7643203735351562
1.343714952468872
1.8676615953445435
2.097978353500366
1.953589916229248
1.6297006607055664
1.701874852180481
1.993950366973877
1.7430131435394287
1.4183006286621094
1.857147216796875
1.4953434467315674
1.3777892589569092
1.567678451538086
1.3116216659545898
1.7992053031921387
1.769425630569458
1.919148564338684
1.467142105102539
1.6227457523345947
1.7086060047149658
1.636512041091919
1.8507907390594482
1.3558708429336548
1.7033816576004028
1.1606429815292358
1.457932472229004
1.7638071775436401
1.8581701517105103
1.2386101484298706
1.2833322286605835
1.4564707279205322
1.2147092819213867
1.3987479209899902
1.4331051111221313
1.4585188627243042
1.6861748695373535
1.4632188081741333
1.1919405460357666
1.3580302000045776
1.5600413084030151
1.661157488822937
1.4346380233764648
1.416240930557251
1.2737133502960205
1.1080777645111084
1.3562774658203125
1.3153648376464844
1.5165164470672607
1.3361263275146484
1.2410022020339966
1.1373677253723145
1.5020064115524292
0.6819610595703125
0.9651130437850952
1.890866994857788
1.7553783655166626
1.7417995929718018
1.1926823854446411
1.409960389137268
1.3843905925750732
3.7156312465667725
2.8432564735412598
2.33015513420105
2.3725528717041016
2.4747824668884277
2.125401020050049
1.8887407779693604
2.3311519622802734
2.1095447540283203
2.146195411682129
2.088163137435913
2.200845241546631
2.1670849323272705
1.9961986541748047
1.6760742664337158
1.9727783203125
1.9017257690429688
1.6391615867614746
1.2416784763336182
1.9288697242736816
1.5996636152267456
1.755354642868042
1.5050296783447266
2.2732884883880615
1.374364972114563
1.8434466123580933
1.4791843891143799
1.4860594272613525
2.562169075012207
1.3436479568481445
1.5253299474716187
1.2439990043640137
1.7282278537750244
1.3286532163619995
1.4189605712890625
1.3480327129364014
1.8081893920898438
1.6160287857055664
1.5634410381317139
1.6155054569244385
1.375746726989746
1.4186670780181885
1.8284748792648315
1.050037145614624
1.3252984285354614
1.273571252822876
1.5840671062469482
1.243448257446289
1.7287077903747559
1.665002703666687
1.4381625652313232
1.8038846254348755
1.4284911155700684
2.0165648460388184
1.405198335647583
1.8836536407470703
1.247420072555542
1.9536967277526855
2.205685615539551
1.4366345405578613
1.5195097923278809
1.2817978858947754
1.5321186780929565
0.9421163201332092
1.6603972911834717
1.3954339027404785
1.2314709424972534
1.0277901887893677
1.4663316011428833
1.345871925354004
1.0911953449249268
1.1558640003204346
1.7885419130325317
1.322706699371338
1.2651121616363525
0.9576795101165771
1.513993263244629
1.236025094985962
0.8864235877990723
0.9597136974334717
1.4071955680847168
1.376697063446045
1.350378155708313
1.380427598953247
1.256624460220337
1.0115339756011963
1.4188138246536255
1.4028897285461426
1.7282273769378662
1.2790536880493164
2.19268798828125
2.56235933303833
2.2672717571258545
2.3119192123413086
2.255443811416626
2.355350971221924
2.2839510440826416
2.3265764713287354
2.2856881618499756
2.3271467685699463
2.27644944190979
2.3096868991851807
2.3257172107696533
2.2857515811920166
2.2888681888580322
2.305335283279419
2.2791714668273926
2.303051233291626
2.293811321258545
2.307223320007324
2.3141398429870605
2.303978443145752
2.317988634109497
2.3075175285339355
2.3340601921081543
2.3216328620910645
2.3214945793151855
2.305985450744629
2.291677713394165
2.300799608230591
2.3168437480926514
2.3036255836486816
2.296625852584839
2.31398606300354
2.322516918182373
2.3257901668548584
2.2744314670562744
2.2734575271606445
2.304699182510376
2.316190242767334
2.332293748855591
2.295374870300293
2.3103256225585938
2.303480863571167
2.334912061691284
2.3191821575164795
2.2992782592773438
2.3022234439849854
2.2743654251098633
2.321629524230957
2.278559923171997
2.3254647254943848
2.3152055740356445
2.278373956680298
2.3251895904541016
2.312908172607422
2.3225221633911133
2.308863639831543
2.325164794921875
2.299659252166748
2.3271963596343994
2.2890710830688477
2.2667832374572754
2.343384027481079
2.3033430576324463
2.3248395919799805
2.298088550567627
2.296753406524658
2.2801318168640137
2.3199727535247803
2.290133237838745
2.29596209526062
2.292994499206543
2.318025827407837
2.2945444583892822
2.3234477043151855
2.3333139419555664
2.298720359802246
2.2901647090911865
2.294116735458374
2.2959742546081543
2.3007328510284424
2.2893612384796143
2.2727718353271484
2.292560338973999
2.2923147678375244
2.2920897006988525
2.305224895477295
2.332775115966797
2.275360107421875
2.3083736896514893
2.2927069664001465
2.3202295303344727
2.3111720085144043
2.3299779891967773
2.2943851947784424
2.2855820655822754
2.2843737602233887
2.289180278778076
2.2993452548980713
2.3024935722351074
2.350132465362549
2.340505361557007
2.2845993041992188
2.2614145278930664
2.285032272338867
2.3235952854156494
2.283188581466675
2.29713773727417
2.306732654571533
2.288745641708374
2.2982635498046875
2.282221555709839
2.29136061668396
2.330608367919922
2.3118083477020264
2.3077869415283203
2.3322324752807617
2.2956020832061768
2.2871389389038086
2.274726152420044
2.2992279529571533
2.2823486328125
2.292489528656006
2.2836687564849854
2.2934188842773438
2.302995443344116
2.307572841644287
2.3310952186584473
2.3201889991760254
2.2894389629364014
2.316906690597534
2.2935891151428223
2.306288003921509
2.3465287685394287
2.276606559753418
2.2891364097595215
2.300421953201294
2.2827932834625244
2.3349287509918213
2.2576279640197754
2.322652578353882
2.3110618591308594
2.318549871444702
2.2801201343536377
2.3010177612304688
2.290350914001465
2.2904579639434814
2.27966046333313
2.2985806465148926
2.277299404144287
2.3356008529663086
2.2976531982421875
2.320857524871826
2.2987864017486572
2.317633628845215
2.325713634490967
2.3302834033966064
2.3053340911865234
2.315906524658203
2.295626163482666
2.3055379390716553
2.3136749267578125
2.3025686740875244
2.331348419189453
2.316549301147461
2.311359405517578
2.3126583099365234
2.334810733795166
2.296651840209961
2.2926828861236572
2.2665343284606934
2.2864089012145996
2.344642162322998
2.283501386642456
2.313565492630005
2.323021411895752
2.303354024887085
2.3075456619262695
2.3125829696655273
2.2768661975860596
2.3066508769989014
2.2730751037597656
2.2834839820861816
2.326453924179077
2.302285671234131
2.3017070293426514
2.2907776832580566
2.2867236137390137
2.327615261077881
2.3304569721221924
2.287299156188965
2.304319381713867
2.292466640472412
2.3110742568969727
2.3031022548675537
2.29831600189209
2.3049588203430176
2.2911221981048584
2.29244327545166
2.311068058013916
2.319819211959839
2.304760456085205
2.300020694732666
2.3248918056488037
2.3220407962799072
2.302258014678955
2.3117926120758057
2.3057451248168945
2.283750534057617
2.3304543495178223
2.340768575668335
2.307655096054077
2.2949445247650146
2.3383028507232666
2.306722402572632
2.298239231109619
2.3131961822509766
2.2880802154541016
2.336728096008301
2.2850170135498047
2.283690929412842
2.3003034591674805
2.2877283096313477
2.2975969314575195
2.3191003799438477
2.326594829559326
2.3094282150268555
2.300098419189453
2.2909417152404785
2.3157100677490234
2.353405475616455
2.267009973526001
2.302619457244873
2.284141778945923
2.3571817874908447
2.277963399887085
2.2849717140197754
2.289538860321045
2.3437747955322266
2.29666805267334
2.3063576221466064
2.319317102432251
2.3166463375091553
2.303382396697998
2.2277016639709473
2.276174545288086
2.335465669631958
2.3793392181396484
2.3342089653015137
2.2647688388824463
2.3387866020202637
2.3182480335235596
2.313626766204834
2.3042638301849365
2.348107099533081
2.3220183849334717
2.2887837886810303
2.2903575897216797
2.2783875465393066
2.2931084632873535
2.3227901458740234
2.2960422039031982
2.307403802871704
2.287414312362671
2.2914531230926514
2.257883310317993
2.2968077659606934
2.273226261138916
2.2952075004577637
2.3000597953796387
2.332953929901123
2.2894861698150635
2.2809066772460938
2.2865967750549316
2.3342161178588867
2.304521322250366
2.2844583988189697
2.2762019634246826
2.2649316787719727
2.2926135063171387
2.334707498550415
2.2998132705688477
2.3159127235412598
2.294224977493286
2.2839579582214355
2.3228297233581543
2.3205199241638184
2.3128459453582764
2.28892183303833
2.3077807426452637
2.313724994659424
2.3071582317352295
2.313035249710083
2.2883126735687256
2.3100829124450684
2.2991251945495605
2.3029098510742188
2.3349952697753906
2.321079969406128
2.2788233757019043
2.2973687648773193
2.295287847518921
2.3001275062561035
2.3173253536224365
2.2960052490234375
2.303518295288086
2.3012185096740723
2.2865676879882812
2.3112592697143555
2.3088765144348145
2.307469367980957
2.2989509105682373
2.319434404373169
2.2728450298309326
2.3026764392852783
2.2657763957977295
2.294966697692871
2.3216302394866943
2.3032138347625732
2.3405895233154297
2.294844388961792
2.3176305294036865
2.3083817958831787
2.282620668411255
2.3016254901885986
2.3229315280914307
2.331371784210205
2.3392832279205322
2.2625784873962402
2.3249528408050537
2.279763698577881
2.306061267852783
2.3008337020874023
2.2940266132354736
2.2829461097717285
2.3131937980651855
2.2864859104156494
2.336134672164917
2.3017067909240723
2.2775120735168457
2.3369574546813965
2.3051486015319824
2.3106508255004883
2.3080432415008545
2.2969329357147217
2.2896647453308105
2.3429651260375977
2.296144723892212
2.3136086463928223
2.295527219772339
2.301492691040039
2.2904012203216553
2.275599479675293
2.327080488204956
2.312593936920166
2.3203394412994385
2.291928291320801
2.3355469703674316
2.305060386657715
2.291522979736328
2.281280517578125
2.3196892738342285
2.3072590827941895
2.292898416519165
2.281888961791992
2.2984108924865723
2.3086678981781006
2.303159475326538
2.277810573577881
2.2681150436401367
2.331063985824585
2.2643065452575684
2.308927536010742
2.300445318222046
2.3095810413360596
2.314936399459839
2.286726951599121
2.3245937824249268
2.3327207565307617
2.2897026538848877
2.2812392711639404
2.28879976272583
2.2985517978668213
2.3216359615325928
2.2851693630218506
2.2888314723968506
2.3404600620269775
2.3096630573272705
2.2951929569244385
2.29199481010437
2.2665085792541504
2.3146681785583496
2.2908432483673096
2.276656150817871
2.3109283447265625
2.2799463272094727
2.2947874069213867
2.312666654586792
2.317007541656494
2.291198968887329
2.307523250579834
2.2804691791534424
2.3166110515594482
2.350034713745117
2.3044896125793457
2.2745988368988037
2.3110945224761963
2.292590618133545
2.300100326538086
2.2976455688476562
2.303490161895752
2.286895513534546
2.304271936416626
2.3112540245056152
2.2855255603790283
2.3015902042388916
2.322157621383667
2.34623384475708
2.302884340286255
2.302633047103882
2.2926082611083984
2.3068618774414062
2.3059194087982178
2.311516046524048
2.3217289447784424
2.2965431213378906
2.3202595710754395
2.27856183052063
2.285799026489258
2.3445262908935547
2.3163349628448486
2.3190019130706787
2.3120198249816895
2.3247952461242676
2.300938844680786
2.294954299926758
2.3044116497039795
2.3101954460144043
2.2777483463287354
2.338129997253418
2.31379771232605
2.2971572875976562
2.3361613750457764
2.3272743225097656
2.2884039878845215
2.2938785552978516
2.299713134765625
2.3175089359283447
2.305652618408203
2.298950433731079
2.3281304836273193
2.29707407951355
2.2954673767089844
2.3023841381073
2.283306121826172
2.2685952186584473
2.3218917846679688
2.2847070693969727
2.307349443435669
2.2700462341308594
2.292006254196167
2.295715570449829
2.3046536445617676
2.328791618347168
2.3294222354888916
2.291494131088257
2.309231996536255
2.3193628787994385
2.2946882247924805
2.2930972576141357
2.311563730239868
2.2602150440216064
2.302058696746826
2.2783498764038086
2.259984016418457
2.2981953620910645
2.2926993370056152
2.2831127643585205
2.337825059890747
2.3052639961242676
2.3258063793182373
2.2760744094848633
2.289745330810547
2.2868540287017822
2.320385456085205
2.282104969024658
2.316502332687378
2.261284112930298
2.305185556411743
2.352947473526001
2.297693967819214
2.298189878463745
2.3241469860076904
2.2865805625915527
2.26489520072937
2.3205559253692627
2.282465696334839
2.3040637969970703
2.3064894676208496
2.2830514907836914
2.2815730571746826
2.3006162643432617
2.3107151985168457
2.3263020515441895
2.3307347297668457
2.3020524978637695
2.3301029205322266
2.30596661567688
2.2975707054138184
2.3360040187835693
2.3087844848632812
2.320718765258789
2.3170688152313232
2.3066718578338623
2.3165407180786133
2.3141820430755615
2.322052240371704
2.2950639724731445
2.3431880474090576
2.3100578784942627
2.3071885108947754
2.2799055576324463
2.2836835384368896
2.2911574840545654
2.3094115257263184
2.2900943756103516
2.2993574142456055
2.32774019241333
2.3005211353302
2.2809903621673584
2.3025999069213867
2.310495138168335
2.3042213916778564
2.3443105220794678
2.3037564754486084
2.336787700653076
2.3168985843658447
2.3039135932922363
2.3023178577423096
2.3090460300445557
2.304722785949707
2.308526039123535
2.3603501319885254
2.333810806274414
2.2887990474700928
2.283742666244507
2.3014345169067383
2.295304298400879
2.3017234802246094
2.28969407081604
2.316256284713745
2.2995266914367676
2.299600839614868
2.292229175567627
2.304776430130005
2.317936420440674
2.31585955619812
2.2883784770965576
2.318556308746338
2.2989535331726074
2.292771339416504
2.3142669200897217
2.3021621704101562
2.304882764816284
2.3074827194213867
2.277444839477539
2.3071093559265137
2.3347644805908203
2.302873134613037
2.2937369346618652
2.2845494747161865
2.360121965408325
2.3036575317382812
2.3227949142456055
2.3002099990844727
2.294173002243042
2.2825400829315186
2.2965564727783203
2.2353832721710205
2.3270583152770996
2.337629556655884
2.325592517852783
2.308035373687744
2.304180145263672
2.301124095916748
2.2950124740600586
2.323451042175293
2.3055312633514404
2.280188798904419
2.2952871322631836
2.2786056995391846
2.307401180267334
2.3014509677886963
2.309377431869507
2.316293478012085
2.2708871364593506
2.2615349292755127
2.3232500553131104
2.255127191543579
2.2938058376312256
2.309145927429199
2.332381248474121
2.312344551086426
2.298768997192383
2.298765182495117
2.3013756275177
2.286268949508667
2.313892364501953
2.3215651512145996
2.299886465072632
2.292018175125122
2.298628807067871
2.280573606491089
2.2642476558685303
2.3179054260253906
2.3399481773376465
2.3027243614196777
2.2789576053619385
2.324690341949463
2.2931180000305176
2.3221826553344727
2.3340508937835693
2.290820837020874
2.2630045413970947
2.2781832218170166
2.330106019973755
2.290539026260376
2.2785236835479736
2.3101489543914795
2.2514188289642334
2.3207764625549316
2.286241292953491
2.290801525115967
2.308323383331299
2.2634823322296143
2.310772657394409
2.282945394515991
2.336794137954712
2.274099826812744
2.2839019298553467
2.3474645614624023
2.312199115753174
2.3127946853637695
2.2880797386169434
2.316575288772583
2.3331139087677
2.26421856880188
2.3338265419006348
2.274176836013794
2.3359358310699463
2.2833309173583984
2.265528440475464
2.280791997909546
2.319395065307617
2.246335029602051
2.295897960662842
2.2847111225128174
2.3308207988739014
2.3233306407928467
2.2723770141601562
2.2839579582214355
2.311128854751587
2.3051323890686035
2.34521484375
2.311190605163574
2.26631236076355
2.323615550994873
2.265563726425171
2.2961785793304443
2.292898654937744
2.3292200565338135
2.334589958190918
2.3121986389160156
2.261892318725586
2.291969060897827
2.2767021656036377
2.2735304832458496
2.308785915374756
2.3178551197052
2.3192389011383057
2.3216114044189453
2.2853474617004395
2.315805435180664
2.3093481063842773
2.2933647632598877
2.3016088008880615
2.297333002090454
2.3004443645477295
2.2989025115966797
2.2675485610961914
2.290860891342163
2.306867837905884
2.326296329498291
2.2943475246429443
2.281170606613159
2.315289258956909
2.2943363189697266
2.2991137504577637
2.3257622718811035
2.3057937622070312
2.2864186763763428
2.334838390350342
2.313746452331543
2.2958016395568848
2.287781000137329
2.3103606700897217
2.3495371341705322
2.315328598022461
2.2765190601348877
2.296783924102783
2.303663730621338
2.2957334518432617
2.29996395111084
2.2518160343170166
2.3530826568603516
2.3048062324523926
2.3064968585968018
2.3193535804748535
2.267346143722534
2.3354969024658203
2.2281577587127686
2.3095016479492188
2.3107728958129883
2.3215200901031494
2.267305374145508
2.274686336517334
2.292271137237549
2.2900309562683105
2.2882938385009766
2.308122158050537
2.3127243518829346
2.3082900047302246
2.310380458831787
2.295045852661133
2.2955143451690674
2.298323154449463
2.32181978225708
2.3004043102264404
2.3066587448120117
2.288917064666748
2.3003716468811035
2.316464900970459
2.3311829566955566
2.2798357009887695
2.3029682636260986
2.3026750087738037
2.3172760009765625
2.2854013442993164
2.285212993621826
2.3430495262145996
2.3216757774353027
2.29144549369812
2.2683780193328857
2.352090835571289
2.282653331756592
2.285038471221924
2.2795495986938477
2.2895989418029785
2.2962887287139893
2.2890892028808594
2.3136727809906006
2.306729555130005
2.30926513671875
2.324768543243408
2.2544915676116943
2.301398992538452
2.3166916370391846
2.3192975521087646
2.3141367435455322
2.2592782974243164
2.2472174167633057
2.2716281414031982
2.317988395690918
2.2788851261138916
2.2710888385772705
2.3136751651763916
2.2624449729919434
2.312516450881958
2.312351942062378
2.3265557289123535
2.3058292865753174
2.325174331665039
2.306779623031616
2.2771496772766113
2.2992053031921387
2.3458938598632812
2.271568536758423
2.296731948852539
2.2720558643341064
2.285642623901367
2.285841941833496
2.30997896194458
2.331174850463867
2.304370880126953
2.311180591583252
2.296388626098633
2.2971925735473633
2.2632901668548584
2.247835159301758
2.3241076469421387
2.3155405521392822
2.317894458770752
2.289734363555908
2.2844600677490234
2.3212766647338867
2.3213372230529785
2.2749056816101074
2.312885284423828
2.312204122543335
2.314354181289673
2.3009612560272217
2.2956454753875732
2.282301902770996
2.3011584281921387
2.290998935699463
2.3080458641052246
2.310494899749756
2.311785936355591
2.3315656185150146
2.296797037124634
2.2943320274353027
2.2901315689086914
2.3252406120300293
2.289903402328491
2.2901031970977783
2.3252625465393066
2.315457344055176
2.291393280029297
2.318087100982666
2.3330161571502686
2.304333448410034
2.3016197681427
2.281282424926758
2.2815780639648438
2.3197765350341797
2.302009344100952
2.268911123275757
2.2974677085876465
2.303166627883911
2.3051908016204834
2.3162765502929688
2.322080612182617
2.3100333213806152
2.305469036102295
2.3104045391082764
2.293470621109009
2.2940492630004883
2.283146858215332
2.2780981063842773
2.3054778575897217
2.315054178237915
2.307025194168091
2.323845624923706
2.3192269802093506
2.303070545196533
2.268357038497925
2.3289830684661865
2.3116445541381836
2.3179028034210205
2.2781310081481934
2.284250259399414
2.2793657779693604
2.290764093399048
2.2962398529052734
2.299741268157959
2.317659378051758
2.265603542327881
2.2720518112182617
2.3122639656066895
2.324256420135498
2.3145217895507812
2.281080961227417
2.3193347454071045
2.287550210952759
2.3517565727233887
2.352506399154663
2.334486484527588
2.314643621444702
2.298598527908325
2.2785308361053467
2.304453134536743
2.3047218322753906
2.295942783355713
2.3049356937408447
2.3165693283081055
2.2913131713867188
2.334768772125244
2.283630609512329
2.292379379272461
2.343859910964966
2.3516807556152344
2.279554605484009
2.2975425720214844
2.312964916229248
2.340073585510254
2.305185317993164
2.289240598678589
2.31697416305542
2.3418426513671875
2.300891876220703
2.300529956817627
2.3113064765930176
2.315627098083496
2.285024642944336
2.293424367904663
2.29435133934021
2.2889952659606934
2.322021722793579
2.327740430831909
2.3455440998077393
2.311359405517578
2.3010969161987305
2.335523843765259
2.308112621307373
2.297373056411743
2.315392017364502
2.2844929695129395
2.33272647857666
2.308211326599121
2.3208045959472656
2.2900078296661377
2.3187592029571533
2.2726080417633057
2.295607566833496
2.3232545852661133
2.3040153980255127
2.2893669605255127
2.3313095569610596
2.3260271549224854
2.3330953121185303
2.3079183101654053
2.2900075912475586
2.302542209625244
2.3002054691314697
2.297562837600708
2.3038620948791504
2.2863423824310303
2.2891924381256104
2.316099166870117
2.2952170372009277
2.2841873168945312
2.2961697578430176
2.2903389930725098
2.286712169647217
2.302440643310547
2.312434673309326
2.3088526725769043
2.290656328201294
2.290665864944458
2.2878711223602295
2.3082094192504883
2.3059637546539307
2.3242838382720947
2.3062257766723633
2.2933976650238037
2.323962926864624
2.2996106147766113
2.2976040840148926
2.3255646228790283
2.314408302307129
2.288577079772949
2.3468880653381348
2.281531810760498
2.312962532043457
2.3074700832366943
2.340657949447632
2.289029836654663
2.3213253021240234
2.341592788696289
2.291745185852051
2.3004846572875977
2.299438238143921
2.2802741527557373
2.3087265491485596
2.3221240043640137
2.297170639038086
2.298588752746582
2.2897696495056152
2.290142297744751
2.2981929779052734
2.293421745300293
2.30507230758667
2.3033149242401123
2.2577719688415527
2.3193557262420654
2.296060800552368
2.3042590618133545
2.277747869491577
2.3103675842285156
2.2945456504821777
2.3091776371002197
2.276120901107788
2.307441234588623
2.3127384185791016
2.2787716388702393
2.3169126510620117
2.2906486988067627
2.3055834770202637
2.2741129398345947
2.320420265197754
2.300079107284546
2.3109023571014404
2.3151328563690186
2.302035331726074
2.3146300315856934
2.3197460174560547
2.28572416305542
2.293086290359497
2.31740403175354
2.323918104171753
2.316358804702759
2.3072867393493652
2.2869760990142822
2.3104043006896973
2.3098878860473633
2.314352035522461
2.295644998550415
2.312532663345337
2.26960825920105
2.2629756927490234
2.2938923835754395
2.302293062210083
2.3191158771514893
2.338702440261841
2.276459217071533
2.3088669776916504
2.2794132232666016
2.287661075592041
2.3100075721740723
2.3301916122436523
2.296264886856079
2.315823554992676
2.3349244594573975
2.298215866088867
2.2748143672943115
2.3167998790740967
2.3139054775238037
2.3398802280426025
2.2842307090759277
2.296903610229492
2.325273275375366
2.379617691040039
2.309499502182007
2.2964301109313965
2.2850446701049805
2.312286853790283
2.2845380306243896
2.292720317840576
2.2774267196655273
2.302605390548706
2.3094985485076904
2.2986388206481934
2.277392864227295
2.373023509979248
2.313281297683716
2.3179728984832764
2.2671384811401367
2.2876691818237305
2.312141180038452
2.2886862754821777
2.3151040077209473
2.2911524772644043
2.3015148639678955
2.305830955505371
2.293172836303711
2.2951903343200684
2.316305160522461
2.3354382514953613
2.3172948360443115
2.283173084259033
2.2914695739746094
2.327043056488037
2.247967481613159
2.3155438899993896
2.3119308948516846
2.295760154724121
2.243744373321533
2.3093955516815186
2.2803423404693604
2.3122270107269287
2.3018503189086914
2.31203556060791
2.3174080848693848
2.3128483295440674
2.3182756900787354
2.316147565841675
2.305293321609497
2.312201976776123
2.3016517162323
2.2986252307891846
2.2990193367004395
2.282075881958008
2.3177578449249268
2.3126156330108643
2.272632122039795
2.3069891929626465
2.3217759132385254
2.2901926040649414
2.2917747497558594
2.320800304412842
2.3181705474853516
2.3203487396240234
2.309706211090088
2.3120172023773193
2.317843437194824
2.300356864929199
2.293015241622925
2.29534912109375
2.2946205139160156
2.3458211421966553
2.294395685195923
2.3109982013702393
2.3003365993499756
2.310223340988159
2.2894484996795654
2.293897867202759
2.2938554286956787
2.3119475841522217
2.313990831375122
2.278341054916382
2.30622935295105
2.316263198852539
2.273573398590088
2.295191526412964
2.2916982173919678
2.2960681915283203
2.3364696502685547
2.3062903881073
2.326045513153076
2.3344433307647705
2.330687999725342
2.3200154304504395
2.30277419090271
2.3102381229400635
2.2915799617767334
2.2662062644958496
2.303677558898926
2.2915358543395996
2.3078949451446533
2.2842421531677246
2.3052356243133545
2.2790615558624268
2.304602861404419
2.2950615882873535
2.27705454826355
2.337700366973877
2.285615921020508
2.30214262008667
2.3081061840057373
2.299582004547119
2.268061399459839
2.3208580017089844
2.3427181243896484
2.311156749725342
2.29022216796875
2.3002185821533203
2.308389663696289
2.3175787925720215
2.298236608505249
2.2927908897399902
2.319071054458618
2.284487247467041
2.3150367736816406
2.316011905670166
2.315054416656494
2.305983781814575
2.296388626098633
2.293100595474243
2.2963080406188965
2.3052570819854736
2.3058345317840576
2.321833610534668
2.298798084259033
2.320195198059082
2.3017334938049316
2.2964963912963867
2.321550130844116
2.30792236328125
2.3068363666534424
2.3177008628845215
2.2778728008270264
2.3012611865997314
2.2905874252319336
2.302760362625122
2.313096523284912
2.269998073577881
2.301844596862793
2.2709012031555176
2.336580276489258
2.2732772827148438
2.2965283393859863
2.310220718383789
2.308011054992676
2.332576274871826
2.31962251663208
2.325632095336914
2.317072868347168
2.299325704574585
2.308896541595459
2.311807155609131
2.3062727451324463
2.3535356521606445
2.3003780841827393
2.3044652938842773
2.3179421424865723
2.3041727542877197
2.3073668479919434
2.297663927078247
2.2874984741210938
2.291187286376953
2.2873053550720215
2.279017210006714
2.2796597480773926
2.3057780265808105
2.3143458366394043
2.2953758239746094
2.2820849418640137
2.2645082473754883
2.310350179672241
2.2758138179779053
2.3093760013580322
2.2834231853485107
2.3086330890655518
2.354109764099121
2.3107800483703613
2.252401828765869
2.2992911338806152
2.2890172004699707
2.3139052391052246
2.330458402633667
2.2961931228637695
2.305966854095459
2.268732786178589
2.2932345867156982
2.29172682762146
2.3005754947662354
2.2461040019989014
2.2982256412506104
2.3202691078186035
2.31769061088562
2.3139896392822266
2.2689876556396484
2.3094873428344727
2.3585493564605713
2.3373708724975586
2.306028366088867
2.327017307281494
2.299198627471924
2.2982466220855713
2.2830629348754883
2.297086238861084
2.317981481552124
2.312439441680908
2.282637596130371
2.2952523231506348
2.302161693572998
2.287757635116577
2.2875149250030518
2.3458759784698486
2.3148670196533203
2.3337535858154297
2.2946040630340576
2.296549081802368
2.316009521484375
2.299651861190796
2.318103075027466
2.344353437423706
2.3429110050201416
2.325345516204834
2.2972359657287598
2.315948963165283
2.3135337829589844
2.324275493621826
2.2886240482330322
2.32504940032959
2.3218576908111572
2.3357784748077393
2.327430486679077
2.2888612747192383
2.303467035293579
2.3111512660980225
2.2919042110443115
2.298752546310425
2.3340234756469727
2.271620273590088
2.354221820831299
2.30281138420105
2.2791624069213867
2.2874903678894043
2.312755823135376
2.321134090423584
2.301936149597168
2.281538486480713
2.30678653717041
2.3340799808502197
2.2956299781799316
2.3172805309295654
2.291067600250244
2.316838502883911
2.3087472915649414
2.293473720550537
2.2774600982666016
2.31988263130188
2.298431873321533
2.2828073501586914
2.32377028465271
2.3252992630004883
2.3233747482299805
2.2839879989624023
2.316821575164795
2.310006856918335
2.277454376220703
2.321200370788574
2.3243188858032227
2.2932043075561523
2.3001179695129395
2.334869146347046
2.2640650272369385
2.288376569747925
2.2696633338928223
2.288857936859131
2.2629289627075195
2.34484601020813
2.3307323455810547
2.3217544555664062
2.3062996864318848
2.316511869430542
2.312025785446167
2.2959823608398438
2.329038143157959
2.296433448791504
2.2915329933166504
2.3181557655334473
2.3075003623962402
2.28884220123291
2.3083953857421875
2.300325632095337
2.289210081100464
2.298854112625122
2.303583860397339
2.337108612060547
2.3116281032562256
2.2973339557647705
2.3116061687469482
2.291149377822876
2.311605215072632
2.2924978733062744
2.3277947902679443
2.3273606300354004
2.3165345191955566
2.3109254837036133
2.265866994857788
2.3066787719726562
2.290464162826538
2.280116558074951
2.2929110527038574
2.332280397415161
2.3497121334075928
2.3228535652160645
2.3116872310638428
2.310502767562866
2.3286502361297607
2.3206048011779785
2.2894461154937744
2.305893898010254
2.291574478149414
2.3124518394470215
2.301581859588623
2.323746681213379
2.329216480255127
2.2847533226013184
2.343078136444092
2.3184425830841064
2.2963976860046387
2.3162033557891846
2.340994358062744
2.3138129711151123
2.299985647201538
2.309133768081665
2.3099429607391357
2.3184120655059814
2.313990354537964
2.3201961517333984
2.324277639389038
2.320004940032959
2.3017663955688477
2.3457753658294678
2.2691307067871094
2.279411554336548
2.3130533695220947
2.2750461101531982
2.3190231323242188
2.2935867309570312
2.319288492202759
2.3070216178894043
2.3097729682922363
2.2972142696380615
2.3015599250793457
2.3168275356292725
2.317610502243042
2.3434178829193115
2.2992565631866455
2.3287293910980225
2.294536828994751
2.3303701877593994
2.3046071529388428
2.330432176589966
2.291563034057617
2.2947885990142822
2.2997684478759766
2.3030600547790527
2.334493637084961
2.3092563152313232
2.304844379425049
2.3049914836883545
2.3272674083709717
2.3064472675323486
2.2890329360961914
2.2649049758911133
2.297363758087158
2.323042869567871
2.3053064346313477
2.263455867767334
2.2959790229797363
2.3055670261383057
2.301003932952881
2.3098788261413574
2.3231539726257324
2.2687532901763916
2.2580084800720215
2.3233394622802734
2.3261001110076904
2.3070030212402344
2.32515549659729
2.290436267852783
2.2940754890441895
2.3041794300079346
2.300168991088867
2.305403709411621
2.287536144256592
2.3204891681671143
2.3162522315979004
2.3023524284362793
2.30926251411438
2.2875161170959473
2.2676658630371094
2.274441719055176
2.3036844730377197
2.279454469680786
2.336344003677368
2.300435781478882
2.285951614379883
2.279308319091797
2.305255651473999
2.3457159996032715
2.344771385192871
2.323207139968872
2.3056461811065674
2.3251585960388184
2.290412425994873
2.3021233081817627
2.3402645587921143
2.3196487426757812
2.2688043117523193
2.302757501602173
2.309436798095703
2.2924256324768066
2.2995798587799072
2.331524133682251
2.3337278366088867
2.3178446292877197
2.320667266845703
2.3067994117736816
2.280489683151245
2.2894694805145264
2.3006715774536133
2.316587448120117
2.3168375492095947
2.2925522327423096
2.2886624336242676
2.3075411319732666
2.2901980876922607
2.2919342517852783
2.2904839515686035
2.2827847003936768
2.310559034347534
2.3084847927093506
2.3315205574035645
2.280521869659424
2.313265085220337
2.3045613765716553
2.2847795486450195
2.325521230697632
2.3079354763031006
2.312983512878418
2.2898824214935303
2.2984328269958496
2.310336112976074
2.277297258377075
2.288374900817871
2.3092336654663086
2.305441379547119
2.284048080444336
2.3132832050323486
2.3068904876708984
2.314236879348755
2.297558546066284
2.317545175552368
2.2966372966766357
2.296478271484375
2.3166213035583496
2.318549156188965
2.3009450435638428
2.301171064376831
2.3130760192871094
2.3058204650878906
2.326683282852173
2.3253915309906006
2.2938098907470703
2.306211471557617
2.3149654865264893
2.3267436027526855
2.3293697834014893
2.2803354263305664
2.3042633533477783
2.3196895122528076
2.337531089782715
2.3104636669158936
2.298099994659424
2.3141586780548096
2.3102753162384033
2.2861945629119873
2.322619676589966
2.282726764678955
2.295485258102417
2.2753961086273193
2.3018229007720947
2.309624195098877
2.3041467666625977
2.304863691329956
2.2916953563690186
2.289058208465576
2.2896106243133545
2.3083109855651855
2.3396193981170654
2.321681499481201
2.2884128093719482
2.3069283962249756
2.319246768951416
2.309666633605957
2.306997776031494
2.2728641033172607
2.29370379447937
2.299349784851074
2.3412959575653076
2.3329455852508545
2.3475494384765625
2.2915825843811035
2.316009521484375
2.3364369869232178
2.2929792404174805
2.283447027206421
2.272231340408325
2.2913124561309814
2.336723804473877
2.2774744033813477
2.29453706741333
2.2740817070007324
2.3294484615325928
2.282413959503174
2.2875101566314697
2.292961597442627
2.3343019485473633
2.288820743560791
2.27937912940979
2.290398120880127
2.2929391860961914
2.319847583770752
2.285290241241455
2.298166513442993
2.3007984161376953
2.302802562713623
2.3292698860168457
2.3149781227111816
2.3061254024505615
2.2771050930023193
2.304525136947632
2.3079020977020264
2.302327871322632
2.3176567554473877
2.317971706390381
2.3378028869628906
2.310518264770508
2.316173791885376
2.302210807800293
2.2943994998931885
2.2631478309631348
2.3353993892669678
2.2886483669281006
2.308293342590332
2.31296443939209
2.309107780456543
2.317962646484375
2.3117787837982178
2.3202781677246094
2.303791046142578
2.2834854125976562
2.2970478534698486
2.2864162921905518
2.3177263736724854
2.299835681915283
2.294402837753296
2.3269882202148438
2.320741653442383
2.313383102416992
2.260310411453247
2.3007235527038574
2.273794651031494
2.318451404571533
2.3127589225769043
2.299132823944092
2.304006338119507
2.273918867111206
2.2939867973327637
2.2975692749023438
2.308825969696045
2.2963035106658936
2.2885007858276367
2.302750825881958
2.3174386024475098
2.305166006088257
2.3024420738220215
2.345963716506958
2.3191287517547607
2.315202236175537
2.2999513149261475
2.296382188796997
2.2953367233276367
2.2888145446777344
2.3423242568969727
2.3216872215270996
2.2946109771728516
2.3095383644104004
2.306980848312378
2.307119131088257
2.2941930294036865
2.3305773735046387
2.319460868835449
2.309307098388672
2.332536458969116
2.3161070346832275
2.2922680377960205
2.317915678024292
2.327909469604492
2.3170478343963623
2.314929485321045
2.3223681449890137
2.291846513748169
2.29197096824646
2.306730031967163
2.238555669784546
2.297330141067505
2.3144354820251465
2.307011127471924
2.2683684825897217
2.3366856575012207
2.3301451206207275
2.2877609729766846
2.324603319168091
2.2993972301483154
2.355386972427368
2.3065760135650635
2.308762311935425
2.299165964126587
2.288543224334717
2.298074245452881
2.291309356689453
2.2961456775665283
2.293888807296753
2.292011022567749
2.2817673683166504
2.3182857036590576
2.363140821456909
2.299492120742798
2.3006865978240967
2.3047425746917725
2.262498378753662
2.30067777633667
2.330037832260132
2.297332763671875
2.2908902168273926
2.32308030128479
2.29071044921875
2.362354278564453
2.2836008071899414
2.309635877609253
2.321187734603882
2.314145803451538
2.311285972595215
2.2840585708618164
2.269254446029663
2.352795124053955
2.334836006164551
2.3108551502227783
2.3139488697052
2.3116650581359863
2.287750482559204
2.3233399391174316
2.285965919494629
2.306014060974121
2.340301036834717
2.291430711746216
2.3047821521759033
2.2879581451416016
2.316371202468872
2.31166934967041
2.3212082386016846
2.271942377090454
2.2903499603271484
2.3304061889648438
2.30619215965271
2.309354066848755
2.2998483180999756
2.305574417114258
2.295717239379883
2.3040287494659424
2.3332324028015137
2.3383240699768066
2.3128345012664795
2.2903904914855957
2.2780585289001465
2.306424140930176
2.281688690185547
2.3243000507354736
2.3273580074310303
2.2940187454223633
2.3007757663726807
2.302276134490967
2.2965450286865234
2.32072114944458
2.3148410320281982
2.3245162963867188
2.288435459136963
2.307793140411377
2.2899630069732666
2.293947219848633
2.3140711784362793
2.2881264686584473
2.323944568634033
2.267565965652466
2.3015236854553223
2.295156478881836
2.3020498752593994
2.3214380741119385
2.302175998687744
2.3037965297698975
2.2873668670654297
2.3037049770355225
2.2809832096099854
2.306901216506958
2.3223302364349365
2.291006326675415
2.2888495922088623
2.2942187786102295
2.2942793369293213
2.3042874336242676
2.309558153152466
2.2737412452697754
2.2879016399383545
2.3127999305725098
2.3035624027252197
2.31099009513855
2.314976215362549
2.303224802017212
2.2743706703186035
2.3107335567474365
2.2782704830169678
2.2819783687591553
2.264359951019287
2.3287031650543213
2.304471731185913
2.304246664047241
2.319690704345703
2.2976880073547363
2.2868025302886963
2.2534070014953613
2.319554328918457
2.302633762359619
2.3101892471313477
2.298470973968506
2.3268535137176514
2.311459541320801
2.290858507156372
2.306358814239502
2.317180633544922
2.322336196899414
2.3112637996673584
2.3095710277557373
2.308128595352173
2.330472946166992
2.3245463371276855
2.316986083984375
2.327242136001587
2.3040244579315186
2.336251735687256
2.321523427963257
2.3123183250427246
2.324389934539795
2.2665648460388184
2.3167669773101807
2.258807420730591
2.3318545818328857
2.270484685897827
2.281740188598633
2.3062829971313477
2.317038059234619
2.3203518390655518
2.2786197662353516
2.313868999481201
2.303663492202759
2.287306785583496
2.314162492752075
2.2665505409240723
2.2887346744537354
2.2905688285827637
2.303093910217285
2.302198886871338
2.3255505561828613
2.3213272094726562
2.30991268157959
2.3131039142608643
2.2694830894470215
2.2963931560516357
2.302777051925659
2.2821547985076904
2.292922258377075
2.314821243286133
2.2960197925567627
2.3380179405212402
2.290963649749756
2.2883453369140625
2.35483455657959
2.3170647621154785
2.281289577484131
2.30574107170105
2.338050127029419
2.298363447189331
2.3253262042999268
2.3043549060821533
2.2757205963134766
2.3070640563964844
2.362325668334961
2.294825792312622
2.3284590244293213
2.2915215492248535
2.3176064491271973
2.3094253540039062
2.316685914993286
2.321286916732788
2.3071348667144775
2.266359806060791
2.300753116607666
2.3196229934692383
2.2791876792907715
2.294335126876831
2.3185033798217773
2.2913870811462402
2.316448450088501
2.299326181411743
2.3066606521606445
2.327643632888794
2.2936453819274902
2.293285846710205
2.307525873184204
2.315642833709717
2.3061904907226562
2.3297510147094727
2.275639295578003
2.3026437759399414
2.324418067932129
2.2785983085632324
2.306368112564087
2.3211991786956787
2.3042964935302734
2.290032148361206
2.2885820865631104
2.31298565864563
2.282989263534546
2.3268229961395264
2.3037586212158203
2.321544647216797
2.2880678176879883
2.3231377601623535
2.2734971046447754
2.3080379962921143
2.3442161083221436
2.2858943939208984
2.2900428771972656
2.260859251022339
2.258061647415161
2.29736328125
2.293217658996582
2.294080972671509
2.324467182159424
2.3038675785064697
2.2805769443511963
2.3032617568969727
2.2714385986328125
2.345135450363159
2.3045766353607178
2.298027515411377
2.299630641937256
2.281691312789917
2.3361432552337646
2.2936177253723145
2.2919960021972656
2.3440937995910645
2.2968859672546387
2.2728428840637207
2.2818477153778076
2.3251705169677734
2.3360965251922607
2.308037519454956
2.277303457260132
2.302234649658203
2.3091039657592773
2.324998378753662
2.276935577392578
2.2926132678985596
2.314626693725586
2.255406379699707
2.3188083171844482
2.301549196243286
2.295079469680786
2.2991340160369873
2.3069941997528076
2.294074058532715
2.298252820968628
2.3339953422546387
2.3154802322387695
2.2996912002563477
2.310472249984741
2.3198487758636475
2.302067995071411
2.3116822242736816
2.278486728668213
2.280747652053833
2.314218521118164
2.2886173725128174
2.318624258041382
2.292891502380371
2.3060338497161865
2.310373067855835
2.303659439086914
2.2484829425811768
2.270688533782959
2.3221330642700195
2.268983840942383
2.3367502689361572
2.3101723194122314
2.317683696746826
2.2686593532562256
2.3111729621887207
2.2826285362243652
2.3205971717834473
2.2717316150665283
2.267413854598999
2.3098526000976562
2.293118476867676
2.293219566345215
2.298189640045166
2.3129193782806396
2.314274787902832
2.2759218215942383
2.2883141040802
2.3203094005584717
2.327592611312866
2.2926814556121826
2.27995228767395
2.2952001094818115
2.294961452484131
2.296658754348755
2.257796287536621
2.324160575866699
2.281923770904541
2.285861015319824
2.3108768463134766
2.348980665206909
2.3120181560516357
2.30841064453125
2.328974485397339
2.315126419067383
2.296170234680176
2.2712810039520264
2.2967567443847656
2.292937994003296
2.3045544624328613
2.3221073150634766
2.3371663093566895
2.288302421569824
2.296328067779541
2.309999704360962
2.327138900756836
2.2596113681793213
2.3069379329681396
2.3133060932159424
2.3089468479156494
2.291034460067749
2.3152992725372314
2.2993526458740234
2.3074240684509277
2.2907872200012207
2.313021421432495
2.3080246448516846
2.2765495777130127
2.288391590118408
2.296766519546509
2.2675840854644775
2.2927420139312744
2.310894012451172
2.3116233348846436
2.2977867126464844
2.326420307159424
2.279292345046997
2.2816085815429688
2.321377992630005
2.311225414276123
2.3159186840057373
2.2981340885162354
2.2950379848480225
2.2849924564361572
2.306555986404419
2.2839314937591553
2.329617977142334
2.298898458480835
2.3170814514160156
2.29742169380188
2.309507369995117
2.3107101917266846
2.294285297393799
2.28996205329895
2.319938898086548
2.3188250064849854
2.3120100498199463
2.282144546508789
2.2891383171081543
2.283863067626953
2.2990329265594482
2.3256819248199463
2.3202009201049805
2.3505051136016846
2.2973642349243164
2.294004201889038
2.299917697906494
2.301081895828247
2.3110101222991943
2.2926535606384277
2.289752244949341
2.349701166152954
2.3224635124206543
2.3164427280426025
2.3135879039764404
2.2779183387756348
2.315215826034546
2.2970447540283203
2.2708048820495605
2.3022267818450928
2.2901394367218018
2.3262083530426025
2.327685832977295
2.2954161167144775
2.3031251430511475
2.3260319232940674
2.308178424835205
2.2873613834381104
2.2720189094543457
2.3340110778808594
2.310148000717163
2.2872772216796875
2.3039193153381348
2.3031864166259766
2.295278310775757
2.331467628479004
2.296253204345703
2.286776065826416
2.3258161544799805
2.299006938934326
2.3036890029907227
2.298607349395752
2.2795488834381104
2.3028512001037598
2.3333733081817627
2.3370161056518555
2.2955055236816406
2.313150405883789
2.276958465576172
2.2969741821289062
2.308769702911377
2.313735246658325
2.3021650314331055
2.2972893714904785
2.322028160095215
2.293576955795288
2.3361480236053467
2.3250436782836914
2.2993929386138916
2.294463872909546
2.3000741004943848
2.308892011642456
2.304407835006714
2.299569845199585
2.311655282974243
2.275139331817627
2.3221518993377686
2.3018972873687744
2.3091533184051514
2.3223702907562256
2.3243424892425537
2.336381435394287
2.3071048259735107
2.277311325073242
2.304535388946533
2.292736768722534
2.3323566913604736
2.3072474002838135
2.329721689224243
2.338351011276245
2.3207037448883057
2.315530776977539
2.3000869750976562
2.2849655151367188
2.259056329727173
2.33274507522583
2.325509548187256
2.291764736175537
2.3044517040252686
2.306652784347534
2.3184216022491455
2.2849297523498535
2.317305564880371
2.3011178970336914
2.30505633354187
2.2999117374420166
2.307731866836548
2.3185949325561523
2.2967660427093506
2.2698380947113037
2.298990249633789
2.3040316104888916
2.287121295928955
2.355215311050415
2.3118033409118652
2.288181781768799
2.2818386554718018
2.305755853652954
2.323960781097412
2.2997331619262695
2.3010125160217285
2.2973055839538574
2.3084137439727783
2.3170928955078125
2.3113932609558105
2.2794923782348633
2.345404624938965
2.3067612648010254
2.3403635025024414
2.28764271736145
2.288545846939087
2.3216192722320557
2.2989137172698975
2.3094468116760254
2.288648843765259
2.2999277114868164
2.300394296646118
2.2729783058166504
2.3338756561279297
2.3143723011016846
2.311372995376587
2.316527843475342
2.3207883834838867
2.2837066650390625
2.3325653076171875
2.3376598358154297
2.3163304328918457
2.300541639328003
2.3061015605926514
2.2887461185455322
2.310108184814453
2.32381010055542
2.3289809226989746
2.2980637550354004
2.309370279312134
2.292781114578247
2.320913314819336
2.2850074768066406
2.314772129058838
2.313323497772217
2.2941606044769287
2.2925922870635986
2.2966630458831787
2.286264657974243
2.330920934677124
2.2842161655426025
2.3126273155212402
2.264197826385498
2.2711663246154785
2.334235191345215
2.2558796405792236
2.331965923309326
2.270659923553467
2.2972218990325928
2.269098997116089
2.3171579837799072
2.290884494781494
2.263589382171631
2.341010570526123
2.2777483463287354
2.3383336067199707
2.311870574951172
2.2792015075683594
2.3028745651245117
2.295607328414917
2.320662260055542
2.316011667251587
2.290123701095581
2.286614179611206
2.2801687717437744
2.2647173404693604
2.3074676990509033
2.2979907989501953
2.289489984512329
2.31990385055542
2.342938184738159
2.3085014820098877
2.336594820022583
2.288482666015625
2.327227830886841
2.292287588119507
2.295138359069824
2.2954587936401367
2.294584274291992
2.286661148071289
2.270479679107666
2.3025994300842285
2.354810953140259
2.303677558898926
2.3108928203582764
2.2953476905822754
2.342951536178589
2.3183369636535645
2.31734037399292
2.323937177658081
2.2982265949249268
2.2966599464416504
2.321413516998291
2.3255980014801025
2.310870885848999
2.3174784183502197
2.2551565170288086
2.3598501682281494
2.2733442783355713
2.33768892288208
2.310561180114746
2.2507174015045166
2.2425179481506348
2.282078742980957
2.2601006031036377
2.3381567001342773
2.2783093452453613
2.314349412918091
2.2869372367858887
2.327273368835449
2.2979605197906494
2.3044700622558594
2.30472993850708
2.3276987075805664
2.2954373359680176
2.3292386531829834
2.3349595069885254
2.350433588027954
2.3008780479431152
2.279430627822876
2.307084560394287
2.2698445320129395
2.315502643585205
2.291804313659668
2.308565139770508
2.3151185512542725
2.291710376739502
2.298227548599243
2.3335764408111572
2.3003604412078857
2.303675651550293
2.309680938720703
2.2936313152313232
2.2866227626800537
2.271970272064209
2.3315670490264893
2.308607578277588
2.365095615386963
2.2897253036499023
2.370974063873291
2.317493438720703
2.2758588790893555
2.291868209838867
2.330075740814209
2.283595323562622
2.329028367996216
2.301377296447754
2.289482831954956
2.3080737590789795
2.33543062210083
2.2627387046813965
2.336350440979004
2.319235324859619
2.3095622062683105
2.3227295875549316
2.3217296600341797
2.3104748725891113
2.301527976989746
2.2862844467163086
2.3187825679779053
2.3432090282440186
2.2888436317443848
2.3061983585357666
2.3306803703308105
2.2779436111450195
2.294672727584839
2.314974308013916
2.304805278778076
2.299190044403076
2.248276472091675
2.314901113510132
2.277749538421631
2.2849526405334473
2.292008399963379
2.3364384174346924
2.3352129459381104
2.3015332221984863
2.2986395359039307
2.2987277507781982
2.260225534439087
2.3274526596069336
2.318929672241211
2.291031837463379
2.237788677215576
2.304841995239258
2.3278958797454834
2.2938551902770996
2.3258306980133057
2.317423105239868
2.3070082664489746
2.2918357849121094
2.282818555831909
2.3143417835235596
2.3012118339538574
2.334498643875122
2.3114843368530273
2.3094897270202637
2.3306262493133545
2.299362897872925
2.3197381496429443
2.2979230880737305
2.315150737762451
2.2902095317840576
2.31008243560791
2.271214246749878
2.316880464553833
2.3127236366271973
2.326331615447998
2.278179168701172
2.322174549102783
2.298356056213379
2.2952003479003906
2.305210590362549
2.2988436222076416
2.3017570972442627
2.322667121887207
2.319952964782715
2.307093381881714
2.324921131134033
2.289370059967041
2.278825283050537
2.302260398864746
2.307141065597534
2.290403366088867
2.3191704750061035
2.3093085289001465
2.3078367710113525
2.244203567504883
2.3026340007781982
2.2865946292877197
2.293269395828247
2.3216681480407715
2.305373191833496
2.3384242057800293
2.3070499897003174
2.3361127376556396
2.258819103240967
2.283154249191284
2.3215904235839844
2.276550531387329
2.3190550804138184
2.285663366317749
2.302000045776367
2.3148040771484375
2.3113248348236084
2.315345525741577
2.317129611968994
2.299654006958008
2.331571340560913
2.3049747943878174
2.3295493125915527
2.3368475437164307
2.2854206562042236
2.3036913871765137
2.2890374660491943
2.317058801651001
2.300971746444702
2.302111864089966
2.3232004642486572
2.3018362522125244
2.3078582286834717
2.317838191986084
2.289137601852417
2.2974138259887695
2.3093225955963135
2.298640012741089
2.309113025665283
2.3205535411834717
2.2932655811309814
2.3147952556610107
2.310717821121216
2.274658441543579
2.3202223777770996
2.2749037742614746
2.316530227661133
2.2722690105438232
2.2740509510040283
2.3439698219299316
2.32975172996521
2.3015365600585938
2.3113603591918945
2.301488161087036
2.308669090270996
2.3026132583618164
2.325885057449341
2.3022334575653076
2.3047258853912354
2.304239273071289
2.2683260440826416
2.2989542484283447
2.3065905570983887
2.330016613006592
2.276411771774292
2.300473213195801
2.2996699810028076
2.296022891998291
2.2984087467193604
2.3021459579467773
2.3352832794189453
2.3079731464385986
2.300990343093872
2.3005144596099854
2.3285951614379883
2.3214292526245117
2.326674222946167
2.3225388526916504
2.290347099304199
2.289804697036743
2.2741763591766357
2.250230550765991
2.2996461391448975
2.259845018386841
2.312770366668701
2.3113009929656982
2.3063180446624756
2.3248355388641357
2.320876359939575
2.289036750793457
2.3067069053649902
2.327456474304199
2.290785074234009
2.3104183673858643
2.3002874851226807
2.3183655738830566
2.287829875946045
2.313110828399658
2.306560754776001
2.2929346561431885
2.3036437034606934
2.312138080596924
2.2919087409973145
2.2734475135803223
2.2973759174346924
2.3025472164154053
2.322239398956299
2.297668933868408
2.322636604309082
2.285055160522461
2.3178811073303223
2.2912559509277344
2.3016388416290283
2.298180341720581
2.3043534755706787
2.304703950881958
2.2814748287200928
2.306720495223999
2.3023085594177246
2.291889190673828
2.3133463859558105
2.3032405376434326
2.301215648651123
2.298830270767212
2.3039965629577637
2.3147594928741455
2.331592321395874
2.278808355331421
2.3069040775299072
2.286198616027832
2.3104746341705322
2.3021738529205322
2.3125925064086914
2.3065099716186523
2.316620111465454
2.2825350761413574
2.332601308822632
2.3085215091705322
2.326434850692749
2.297976016998291
2.324580430984497
2.28072452545166
2.3295035362243652
2.293525218963623
2.3148348331451416
2.315289258956909
2.3082518577575684
2.3080801963806152
2.291299343109131
2.295952081680298
2.3311069011688232
2.2842280864715576
2.343482732772827
2.3150787353515625
2.3071579933166504
2.3007869720458984
2.3273537158966064
2.2691242694854736
2.291921854019165
2.30824613571167
2.2976925373077393
2.289121389389038
2.310988426208496
2.2835288047790527
2.305185317993164
2.2946317195892334
2.304936408996582
2.2963266372680664
2.3076119422912598
2.2946083545684814
2.313206434249878
2.2903800010681152
2.3011062145233154
2.308922052383423
2.2897558212280273
2.311008930206299
2.3215832710266113
2.3124008178710938
2.285801649093628
2.3229305744171143
2.3533267974853516
2.2827248573303223
2.291205406188965
2.3299484252929688
2.332383871078491
2.314242362976074
2.304410696029663
2.3107969760894775
2.266171932220459
2.3266217708587646
2.3281683921813965
2.3391451835632324
2.316840410232544
2.2717738151550293
2.299790382385254
2.3162519931793213
2.3132946491241455
2.2797868251800537
2.3060762882232666
2.303719997406006
2.2878706455230713
2.277867317199707
2.3106579780578613
2.2953720092773438
2.363104820251465
2.2944388389587402
2.287421464920044
2.3334712982177734
2.283115863800049
2.266282558441162
2.3215181827545166
2.2966115474700928
2.307806968688965
2.316408157348633
2.3330178260803223
2.2873761653900146
2.293879270553589
2.3102831840515137
2.298049211502075
2.303520441055298
2.301865577697754
2.2854998111724854
2.2820584774017334
2.3020825386047363
2.315136671066284
2.2966272830963135
2.2500882148742676
2.303046703338623
2.2675180435180664
2.3300981521606445
2.3097269535064697
2.3245697021484375
2.3178787231445312
2.3242077827453613
2.33469295501709
2.3377885818481445
2.2892043590545654
2.297825813293457
2.312498092651367
2.3070504665374756
2.2863919734954834
2.3044066429138184
2.317906379699707
2.3445868492126465
2.295779228210449
2.2846617698669434
2.316134214401245
2.31976580619812
2.3124654293060303
2.3128418922424316
2.332115888595581
2.3163299560546875
2.3139610290527344
2.3102686405181885
2.2825076580047607
2.3128488063812256
2.336071491241455
2.3081564903259277
2.335566282272339
2.2869820594787598
2.2808053493499756
2.3160929679870605
2.299121856689453
2.3021748065948486
2.2759482860565186
2.347079277038574
2.342099666595459
2.291355609893799
2.3170526027679443
2.278127908706665
2.3343217372894287
2.312620162963867
2.3069567680358887
2.27941632270813
2.310060977935791
2.2892003059387207
2.2826216220855713
2.294567346572876
2.3049938678741455
2.2916147708892822
2.298483371734619
2.2722268104553223
2.2849433422088623
2.2939467430114746
2.2984707355499268
2.318760395050049
2.284576416015625
2.2798471450805664
2.3216166496276855
2.306811809539795
2.298421621322632
2.3031904697418213
2.2949600219726562
2.2825114727020264
2.2958781719207764
2.347024917602539
2.2861990928649902
2.300759792327881
2.2912724018096924
2.3315227031707764
2.3157155513763428
2.3400211334228516
2.3083648681640625
2.312896966934204
2.31298565864563
2.2925875186920166
2.3005502223968506
2.302905559539795
2.3057870864868164
2.289161205291748
2.3078129291534424
2.291593551635742
2.3105907440185547
2.3004050254821777
2.3076624870300293
2.3275110721588135
2.331055164337158
2.2903966903686523
2.3075287342071533
2.328744888305664
2.3111090660095215
2.3065202236175537
2.3193295001983643
2.299138307571411
2.285531520843506
2.334805965423584
2.2849197387695312
2.292672872543335
2.2877564430236816
2.3288049697875977
2.313594102859497
2.3090033531188965
2.311513900756836
2.261037588119507
2.346087694168091
2.3196046352386475
2.2880051136016846
2.3153629302978516
2.336373805999756
2.304488182067871
2.319767951965332
2.304389476776123
2.270705223083496
2.3014910221099854
2.3334357738494873
2.311462879180908
2.2980539798736572
2.300503730773926
2.297182321548462
2.3188517093658447
2.290735960006714
2.3223116397857666
2.3337855339050293
2.3045084476470947
2.3112711906433105
2.2991812229156494
2.288952112197876
2.305253505706787
2.2626824378967285
2.2720792293548584
2.296710968017578
2.2849767208099365
2.293613910675049
2.319185256958008
2.3261423110961914
2.2998995780944824
2.3288321495056152
2.3186707496643066
2.3135573863983154
2.328190803527832
2.3212482929229736
2.313924551010132
2.2999019622802734
2.3014321327209473
2.307997941970825
2.29980206489563
2.2801120281219482
2.2954654693603516
2.294722318649292
2.2846360206604004
2.3025004863739014
2.289228677749634
2.32428240776062
2.2979986667633057
2.3192312717437744
2.3226096630096436
2.3339803218841553
2.274721145629883
2.3051791191101074
2.2870547771453857
2.254300594329834
2.307576894760132
2.312845230102539
2.2821617126464844
2.263103723526001
2.2983145713806152
2.3046998977661133
2.285430908203125
2.291922092437744
2.2961220741271973
2.285858631134033
2.294102907180786
2.3356525897979736
2.294889450073242
2.283562660217285
2.2686963081359863
2.2877957820892334
2.2589831352233887
2.274521589279175
2.3102874755859375
2.2741575241088867
2.3258328437805176
2.293586254119873
2.3019793033599854
2.334427833557129
2.299151659011841
2.2900617122650146
2.2931885719299316
2.2963364124298096
2.2970378398895264
2.316243886947632
2.2894492149353027
2.3181490898132324
2.2914915084838867
2.3048057556152344
2.3025755882263184
2.269031524658203
2.308534622192383
2.2905282974243164
2.2961649894714355
2.2791154384613037
2.315472364425659
2.3100507259368896
2.289710283279419
2.3255999088287354
2.3809282779693604
2.2801811695098877
2.3389480113983154
2.308743715286255
2.3453080654144287
2.3124947547912598
2.299638271331787
2.312575340270996
2.3095130920410156
2.2960667610168457
2.2815749645233154
2.295076608657837
2.331571102142334
2.2969818115234375
2.303778886795044
2.3053958415985107
2.307919979095459
2.27128267288208
2.284522294998169
2.316706418991089
2.295889139175415
2.3011245727539062
2.3150763511657715
2.3021488189697266
2.2991597652435303
2.313418388366699
2.306070327758789
2.298273801803589
2.3190689086914062
2.2876675128936768
2.331958293914795
2.2805566787719727
2.3409180641174316
2.308971643447876
2.2790884971618652
2.332033634185791
2.346924066543579
2.3174164295196533
2.2965445518493652
2.3161327838897705
2.3056602478027344
2.3048980236053467
2.3166356086730957
2.29934024810791
2.2888333797454834
2.311776638031006
2.2761623859405518
2.2753894329071045
2.2398016452789307
2.3272500038146973
2.3261055946350098
2.305551052093506
2.3098530769348145
2.296950101852417
2.3176677227020264
2.326082706451416
2.2869873046875
2.30389142036438
2.3109195232391357
2.3086981773376465
2.2709097862243652
2.331824541091919
2.3063812255859375
2.272672653198242
2.285219669342041
2.330897092819214
2.268355369567871
2.2971408367156982
2.308281183242798
2.324730157852173
2.319467544555664
2.3164093494415283
2.325869560241699
2.2935433387756348
2.283897638320923
2.3073410987854004
2.314539670944214
2.293743133544922
2.300285816192627
2.305325508117676
2.3095314502716064
2.291504144668579
2.292827844619751
2.288325071334839
2.2912652492523193
2.3178489208221436
2.3021655082702637
2.2973365783691406
2.294292449951172
2.3065381050109863
2.298879861831665
2.3181822299957275
2.3052549362182617
2.2985026836395264
2.263629198074341
2.302741289138794
2.319969654083252
2.2822465896606445
2.285219192504883
2.326998710632324
2.3354833126068115
2.269294261932373
2.402176856994629
2.2732203006744385
2.301009178161621
2.338766098022461
2.3393404483795166
2.271686315536499
2.2756268978118896
2.3691821098327637
2.274897575378418
2.3076493740081787
2.289720296859741
2.2640182971954346
2.3051657676696777
2.284449577331543
2.281391143798828
2.333726644515991
2.2882463932037354
2.321622848510742
2.3281044960021973
2.3013243675231934
2.3260672092437744
2.275609016418457
2.2840092182159424
2.292938470840454
2.3019678592681885
2.324528217315674
2.3196794986724854
2.278669834136963
2.2760865688323975
2.2770869731903076
2.276188850402832
2.318301200866699
2.3501057624816895
2.299484968185425
2.3002054691314697
2.284309148788452
2.3220553398132324
2.289062976837158
2.30592679977417
2.303591728210449
2.3198413848876953
2.307082176208496
2.3051116466522217
2.309849500656128
2.2934436798095703
2.294966220855713
2.322331428527832
2.3057689666748047
2.293010711669922
2.3161563873291016
2.2944564819335938
2.3023834228515625
2.2879438400268555
2.2730164527893066
2.337054491043091
2.2880759239196777
2.3053293228149414
2.316178321838379
2.3055715560913086
2.2727255821228027
2.3028690814971924
2.2759923934936523
2.319122791290283
2.307662010192871
2.3132083415985107
2.309765577316284
2.2765021324157715
2.320850372314453
2.313962459564209
2.2879698276519775
2.3047542572021484
2.3054144382476807
2.298534393310547
2.3011608123779297
2.289065361022949
2.303360939025879
2.287313461303711
2.294264316558838
2.316913366317749
2.3399980068206787
2.244978666305542
2.297184944152832
2.3322746753692627
2.3506100177764893
2.274139165878296
2.2982165813446045
2.310824155807495
2.31681489944458
2.3037796020507812
2.324495553970337
2.2982804775238037
2.335667371749878
2.3166518211364746
2.3426198959350586
2.3153204917907715
2.307101011276245
2.324467897415161
2.3067028522491455
2.2896878719329834
2.3066205978393555
2.3015248775482178
2.2842371463775635
2.309096336364746
2.2859199047088623
2.290391445159912
2.3115668296813965
2.2833800315856934
2.3008148670196533
2.3066811561584473
2.3396973609924316
2.2854180335998535
2.3116674423217773
2.2977116107940674
2.282045364379883
2.2961935997009277
2.3065242767333984
2.30694842338562
2.2961483001708984
2.2832424640655518
2.292914867401123
2.274517774581909
2.2971701622009277
2.270982503890991
2.297799587249756
2.308999538421631
2.304959774017334
2.3129780292510986
2.3254988193511963
2.2830252647399902
2.2954909801483154
2.337785243988037
2.2831594944000244
2.307302236557007
2.3067069053649902
2.2898876667022705
2.279020071029663
2.338160514831543
2.3051416873931885
2.3449363708496094
2.3380956649780273
2.282020330429077
2.3012173175811768
2.351029872894287
2.3103132247924805
2.2724246978759766
2.30360746383667
2.283501148223877
2.322903633117676
2.3056278228759766
2.3109710216522217
2.324359178543091
2.299471378326416
2.292358636856079
2.3053457736968994
2.286067485809326
2.330003499984741
2.2909703254699707
2.3190701007843018
2.2902259826660156
2.3116183280944824
2.3093338012695312
2.3076798915863037
2.32494854927063
2.308098316192627
2.2953546047210693
2.323176860809326
2.2861170768737793
2.313694715499878
2.2989907264709473
2.3005337715148926
2.302630662918091
2.295485019683838
2.306995153427124
2.272974967956543
2.305811643600464
2.3166728019714355
2.2969512939453125
2.3098254203796387
2.30410099029541
2.3101561069488525
2.314188003540039
2.3007001876831055
2.306905746459961
2.2825326919555664
2.2885215282440186
2.293187379837036
2.299701452255249
2.2792558670043945
2.284414768218994
2.3074028491973877
2.3063552379608154
2.3458337783813477
2.2534101009368896
2.2886147499084473
2.312741756439209
2.3477110862731934
2.2653119564056396
2.3065881729125977
2.284715175628662
2.304443120956421
2.33331298828125
2.27018666267395
2.313833475112915
2.3230178356170654
2.3251161575317383
2.2904903888702393
2.321908473968506
2.303446054458618
2.3170759677886963
2.28403902053833
2.292056083679199
2.330836057662964
2.2519917488098145
2.333197593688965
2.325387954711914
2.29872465133667
2.3020572662353516
2.3151235580444336
2.324681520462036
2.2927160263061523
2.2707738876342773
2.3271327018737793
2.3126652240753174
2.3234992027282715
2.3061444759368896
2.3028664588928223
2.313020706176758
2.3425309658050537
2.305971145629883
2.302206039428711
2.294821262359619
2.306074380874634
2.308138370513916
2.30867600440979
2.3101754188537598
2.3264777660369873
2.2919116020202637
2.298191547393799
2.3117856979370117
2.3148415088653564
2.3185935020446777
2.31626033782959
2.2802505493164062
2.272886037826538
2.287601947784424
2.3055756092071533
2.313502311706543
2.321136474609375
2.298800230026245
2.294149398803711
2.3123252391815186
2.3080506324768066
2.292386293411255
2.309194564819336
2.313108205795288
2.3022899627685547
2.2894515991210938
2.295595169067383
2.316239833831787
2.2935118675231934
2.2687997817993164
2.291752338409424
2.3228535652160645
2.3410325050354004
2.3094491958618164
2.2909274101257324
2.2969722747802734
2.293036937713623
2.2858619689941406
2.278200149536133
2.2776379585266113
2.3500149250030518
2.2651212215423584
2.3171374797821045
2.3081624507904053
2.2813429832458496
2.2534518241882324
2.2721734046936035
2.3341317176818848
2.315962791442871
2.3792314529418945
2.292539119720459
2.306957244873047
2.300748586654663
2.3047361373901367
2.313764810562134
2.3354454040527344
2.2721059322357178
2.275923728942871
2.2801525592803955
2.2870426177978516
2.304058074951172
2.257274627685547
2.3158960342407227
2.3111684322357178
2.3232815265655518
2.3156392574310303
2.293060302734375
2.328000545501709
2.3156020641326904
2.332773208618164
2.3119561672210693
2.31905460357666
2.3184123039245605
2.2940146923065186
2.3284099102020264
2.3141891956329346
2.300891637802124
2.279850959777832
2.3237385749816895
2.288905143737793
2.295145034790039
2.306967258453369
2.2997303009033203
2.319251298904419
2.3112382888793945
2.2891416549682617
2.2992749214172363
2.292255401611328
2.284285545349121
2.3326094150543213
2.2851672172546387
2.2915396690368652
2.3040597438812256
2.3024206161499023
2.310683488845825
2.318533182144165
2.2971763610839844
2.320047378540039
2.339655876159668
2.287532329559326
2.316493511199951
2.305872917175293
2.2549166679382324
2.2568376064300537
2.330873966217041
2.3254737854003906
2.2873148918151855
2.316749095916748
2.3280444145202637
2.3080174922943115
2.343151092529297
2.2775237560272217
2.303081512451172
2.2956342697143555
2.2834982872009277
2.304375410079956
2.317934513092041
2.3161535263061523
2.3036906719207764
2.2917287349700928
2.31913685798645
2.2685766220092773
2.3009495735168457
2.3118746280670166
2.313323974609375
2.305037021636963
2.3062939643859863
2.3075060844421387
2.2947638034820557
2.283970832824707
2.321249008178711
2.332003116607666
2.3253817558288574
2.2974910736083984
2.317575454711914
2.313035249710083
2.301241397857666
2.2694830894470215
2.315924882888794
2.3243026733398438
2.2925798892974854
2.2889010906219482
2.3152644634246826
2.2844974994659424
2.321226119995117
2.3359546661376953
2.293245315551758
2.292811155319214
2.292259693145752
2.297842264175415
2.283965826034546
2.312990188598633
2.303133249282837
2.3061904907226562
2.298736095428467
2.294304370880127
2.308931350708008
2.2823169231414795
2.283820152282715
2.3241283893585205
2.2938804626464844
2.292947769165039
2.3247227668762207
2.3133294582366943
2.294849157333374
2.3035433292388916
2.281846523284912
2.29048490524292
2.308304786682129
2.306941509246826
2.315387010574341
2.312858819961548
2.300205707550049
2.2866997718811035
2.328550100326538
2.2989211082458496
2.3378148078918457
2.2966785430908203
2.290905475616455
2.321078062057495
2.3004133701324463
2.317504405975342
2.2998406887054443
2.302027702331543
2.3141262531280518
2.29840350151062
2.292738914489746
2.288133144378662
2.3276526927948
2.2718117237091064
2.269228219985962
2.304466724395752
2.3228161334991455
2.3177883625030518
2.342419147491455
2.300037384033203
2.3098526000976562
2.2985410690307617
2.316624641418457
2.3055992126464844
2.3203125
2.280085325241089
2.2885773181915283
2.3471975326538086
2.3252127170562744
2.3119192123413086
2.2842304706573486
2.314143180847168
2.2847585678100586
2.2676897048950195
2.348529100418091
2.3123440742492676
2.29609751701355
2.2922630310058594
2.3166043758392334
2.332221508026123
2.3106064796447754
2.3178038597106934
2.3069353103637695
2.319941997528076
2.2989978790283203
2.2858774662017822
2.316274642944336
2.301774501800537
2.306424140930176
2.263653039932251
2.3214402198791504
2.3401248455047607
2.3351266384124756
2.2681915760040283
2.3092119693756104
2.319056987762451
2.3031485080718994
2.3222947120666504
2.3089895248413086
2.3093883991241455
2.2979283332824707
2.294656276702881
2.332315683364868
2.3173038959503174
2.3000011444091797
2.282352924346924
2.2970476150512695
2.3137242794036865
2.3192992210388184
2.2925024032592773
2.326686143875122
2.286755084991455
2.280137062072754
2.3140547275543213
2.317110776901245
2.310798168182373
2.3061819076538086
2.298495292663574
2.2727346420288086
2.300414800643921
2.2893457412719727
2.325902223587036
2.3197526931762695
2.2899973392486572
2.308871030807495
